1317383440.868350 0.004946 -0.002179 0.000448 0.000032 0.000163 -0.000147 1.000000
1317383440.972599 0.128914 -0.003117 0.003208 0.000807 0.000714 -0.003495 0.999993
1317383441.076726 0.141487 -0.035356 0.001385 0.002020 0.003513 -0.002322 0.999989
1317383441.180851 -0.272534 -0.126514 0.005065 0.001564 0.002942 0.000821 0.999994
1317383441.285100 0.178314 -0.422869 0.010722 -0.000672 0.001110 -0.002463 0.999996
1317383441.389227 0.474173 -0.494562 -0.000886 -0.001495 0.000726 -0.003959 0.999991
1317383441.493483 0.722933 -0.514099 0.002960 -0.003970 0.000716 -0.002187 0.999989
1317383441.597600 1.053519 -0.537817 0.013396 -0.003752 0.001275 -0.002379 0.999989
1317383441.701850 1.334093 -0.595922 0.042099 -0.003355 0.002586 -0.000326 0.999991
1317383441.805976 1.711155 -0.694747 0.048696 -0.001161 0.003694 -0.004527 0.999982
1317383441.910225 2.072331 -0.724303 0.037407 0.001052 0.003171 -0.008501 0.999958
1317383442.014351 2.368784 -0.778311 0.015205 0.000694 0.001454 -0.005401 0.999984
1317383442.118600 2.673099 -0.756389 0.019388 -0.000873 0.000608 -0.003051 0.999995
1317383442.222727 3.090982 -0.769096 0.060988 -0.004230 0.001585 -0.001119 0.999989
1317383442.326977 3.415074 -0.791599 0.074410 -0.005122 0.003655 -0.000607 0.999980
1317383442.431103 3.775667 -0.825785 0.091289 -0.005651 0.005158 0.003581 0.999964
1317383442.535351 4.234766 -0.924397 0.082788 -0.003321 0.004066 0.005879 0.999969
1317383442.639478 4.615961 -1.033558 0.062675 -0.002251 0.003343 0.007496 0.999964
1317383442.743726 5.020565 -1.135190 0.046590 -0.002148 0.002080 0.005034 0.999983
1317383442.847853 5.432855 -1.211029 0.049691 -0.004251 0.002047 0.006016 0.999971
1317383442.951978 5.824128 -1.293796 0.068774 -0.005786 0.001543 0.011616 0.999915
1317383443.056227 6.295442 -1.305545 0.083264 -0.006908 0.001346 0.012344 0.999899
1317383443.160352 6.825268 -1.342601 0.104757 -0.006727 0.002366 0.012277 0.999899
1317383443.264477 7.286560 -1.378825 0.119996 -0.007907 0.003297 0.012870 0.999880
1317383443.368603 7.746947 -1.454173 0.119146 -0.008437 0.003308 0.012115 0.999886
1317383443.472852 8.147819 -1.477823 0.106189 -0.009981 0.003287 0.013006 0.999860
1317383443.576978 8.509150 -1.501752 0.110990 -0.010632 0.003803 0.014609 0.999830
1317383443.681107 8.874970 -1.547201 0.117701 -0.011785 0.004047 0.014442 0.999818
1317383443.785227 9.282505 -1.556645 0.120714 -0.010601 0.003778 0.015479 0.999817
1317383443.889355 9.648100 -1.571583 0.130466 -0.010730 0.003581 0.013994 0.999838
1317383443.993477 9.988507 -1.576882 0.134850 -0.010534 0.004134 0.015094 0.999822
1317383444.097604 10.343530 -1.556066 0.145969 -0.011112 0.004518 0.017372 0.999777
1317383444.201727 10.609296 -1.470091 0.145948 -0.012059 0.004819 0.015856 0.999790
1317383444.305853 10.776452 -1.440879 0.141799 -0.012288 0.005066 0.017617 0.999756
1317383444.409979 10.936398 -1.427722 0.145085 -0.012104 0.005136 0.017354 0.999763
1317383444.514102 11.117727 -1.425026 0.146658 -0.012711 0.005911 0.017487 0.999749
1317383444.618230 11.291683 -1.392903 0.145103 -0.010908 0.005742 0.017226 0.999776
1317383444.722355 11.424276 -1.368058 0.139489 -0.009743 0.005162 0.017435 0.999787
1317383444.826479 11.577355 -1.411983 0.137948 -0.009933 0.005255 0.018752 0.999761
1317383444.930728 11.686711 -1.458772 0.149475 -0.009844 0.005672 0.019425 0.999747
1317383445.034853 11.782015 -1.387461 0.152446 -0.009071 0.005923 0.016497 0.999805
1317383445.138980 11.853195 -1.346256 0.150872 -0.008510 0.005792 0.017622 0.999792
1317383445.243104 11.868712 -1.290571 0.150582 -0.007487 0.005147 0.016272 0.999826
1317383445.347230 11.886038 -1.275773 0.148688 -0.007559 0.005030 0.016253 0.999827
1317383445.451356 11.914834 -1.267038 0.147465 -0.008559 0.004947 0.014598 0.999845
1317383445.555473 11.951616 -1.281333 0.147593 -0.009689 0.005249 0.016105 0.999810
1317383445.659596 11.911114 -1.312906 0.139780 -0.010678 0.005977 0.016371 0.999791
1317383445.763841 11.884014 -1.304711 0.141660 -0.012484 0.006269 0.015434 0.999783
1317383445.867968 11.827260 -1.299823 0.140224 -0.013944 0.006418 0.015036 0.999769
1317383445.972116 11.788278 -1.283667 0.129148 -0.015105 0.005727 0.015387 0.999751
1317383446.076232 11.796805 -1.279540 0.125132 -0.016564 0.005671 0.014727 0.999738
1317383446.180229 11.804381 -1.269992 0.128546 -0.017049 0.005458 0.014545 0.999734
1317383446.284357 11.862579 -1.264938 0.127492 -0.016528 0.005269 0.014371 0.999746
1317383446.388481 11.887489 -1.282342 0.112429 -0.013758 0.005011 0.014984 0.999781
1317383446.492605 11.876665 -1.272687 0.107564 -0.014009 0.004604 0.014894 0.999780
1317383446.596607 11.891910 -1.261167 0.114198 -0.014339 0.004662 0.015356 0.999768
1317383446.700731 11.880194 -1.252951 0.116430 -0.013830 0.004236 0.015516 0.999775
1317383446.804858 11.854864 -1.248730 0.110698 -0.013696 0.004553 0.015817 0.999771
1317383446.908982 11.840989 -1.246247 0.112109 -0.013233 0.004912 0.016262 0.999768
1317383447.013106 11.823674 -1.237470 0.116565 -0.012110 0.005316 0.016951 0.999769
1317383447.117232 11.769111 -1.237668 0.113519 -0.010676 0.005677 0.017716 0.999770
1317383447.221232 11.709245 -1.225814 0.112572 -0.009874 0.005642 0.017636 0.999780
1317383447.325356 11.588729 -1.209411 0.119733 -0.009927 0.005764 0.017980 0.999772
1317383447.429482 11.437554 -1.227456 0.122200 -0.009483 0.005341 0.018191 0.999775
1317383447.533606 11.270375 -1.232649 0.110713 -0.009118 0.005133 0.018190 0.999780
1317383447.637608 11.073946 -1.223790 0.108548 -0.008864 0.004881 0.018313 0.999781
1317383447.741732 10.861736 -1.221529 0.120413 -0.010384 0.004457 0.018903 0.999757
1317383447.845858 10.623172 -1.230534 0.111603 -0.010469 0.004704 0.018039 0.999771
1317383447.949983 10.345655 -1.217011 0.112628 -0.011285 0.005059 0.018166 0.999759
1317383448.053983 10.036760 -1.218870 0.108714 -0.011815 0.006125 0.017970 0.999750
1317383448.158108 9.707377 -1.222117 0.109373 -0.010976 0.005684 0.017587 0.999769
1317383448.262232 9.359245 -1.208275 0.104245 -0.011024 0.004463 0.017829 0.999770
1317383448.366356 8.944400 -1.219265 0.101905 -0.010965 0.003789 0.017917 0.999772
1317383448.470358 8.483105 -1.222396 0.104372 -0.010194 0.003962 0.018054 0.999777
1317383448.574483 8.017062 -1.229151 0.095280 -0.007596 0.005070 0.017779 0.999800
1317383448.678608 7.501303 -1.231595 0.086161 -0.005952 0.005535 0.016892 0.999824
1317383448.782733 6.909512 -1.245044 0.065953 -0.004220 0.005088 0.016492 0.999842
1317383448.886859 6.320763 -1.254953 0.057340 -0.005147 0.004028 0.016787 0.999838
1317383448.990981 5.670980 -1.274151 0.050313 -0.005698 0.002605 0.015861 0.999855
1317383449.095109 4.947655 -1.297412 0.067284 -0.008981 0.002548 0.015236 0.999840
1317383449.199235 4.206811 -1.308120 0.063643 -0.008457 0.003067 0.014653 0.999852
1317383449.303359 3.418260 -1.320446 0.057430 -0.009780 0.004347 0.013897 0.999846
1317383449.407482 2.624712 -1.350564 0.060799 -0.009096 0.005038 0.013510 0.999855
1317383449.511609 1.794386 -1.369996 0.069780 -0.010969 0.004466 0.013000 0.999845
1317383449.615735 0.963963 -1.413575 0.064475 -0.012053 0.004186 0.012461 0.999841
1317383449.719859 0.046327 -1.474787 0.029892 -0.010400 0.004387 0.011142 0.999874
1317383449.823984 -0.865275 -1.501304 -0.005168 -0.008424 0.003374 0.011048 0.999898
1317383449.928109 -1.818247 -1.524353 -0.016954 -0.009407 0.002629 0.010710 0.999895
1317383450.032235 -2.791731 -1.537295 -0.000258 -0.011032 0.002553 0.010608 0.999880
1317383450.136360 -3.803643 -1.584167 0.019696 -0.011402 0.002801 0.010072 0.999880
1317383450.240485 -4.848636 -1.625664 0.022828 -0.012028 0.003712 0.010289 0.999868
1317383450.344610 -5.913561 -1.652241 0.013253 -0.011452 0.003941 0.009811 0.999879
1317383450.448738 -7.041533 -1.701851 -0.003446 -0.009496 0.004339 0.009621 0.999899
1317383450.552860 -8.190725 -1.764426 -0.034670 -0.007481 0.004589 0.009643 0.999915
1317383450.656984 -9.431022 -1.843234 -0.041101 -0.006682 0.004897 0.009538 0.999920
1317383450.760986 -10.655065 -1.911743 -0.073946 -0.004122 0.005665 0.009881 0.999927
1317383450.865110 -11.977971 -1.988508 -0.113964 -0.001403 0.005651 0.010151 0.999932
1317383450.969235 -13.267986 -2.050997 -0.137367 0.000989 0.006087 0.010646 0.999924
1317383451.073360 -14.545756 -2.115756 -0.150546 0.001527 0.005962 0.010891 0.999922
1317383451.177487 -15.894515 -2.178485 -0.149378 0.001400 0.005830 0.011396 0.999917
1317383451.281622 -17.235659 -2.240503 -0.145233 0.000581 0.005149 0.012040 0.999914
1317383451.385737 -18.556720 -2.297798 -0.146981 0.000922 0.003979 0.012382 0.999915
1317383451.489861 -19.915411 -2.349688 -0.153485 0.002661 0.003502 0.012738 0.999909
1317383451.593986 -21.399820 -2.410252 -0.153047 0.004235 0.004234 0.013218 0.999895
1317383451.698111 -22.891040 -2.463651 -0.162311 0.009174 0.005065 0.013856 0.999849
1317383451.802237 -24.441844 -2.511336 -0.181274 0.011012 0.004354 0.014660 0.999822
1317383451.906362 -25.982515 -2.580687 -0.198083 0.011545 0.002569 0.014232 0.999829
1317383452.010613 -27.497218 -2.645404 -0.207715 0.009876 0.001513 0.013846 0.999854
1317383452.114745 -28.978105 -2.687145 -0.194848 0.008087 0.000865 0.013471 0.999876
1317383452.218863 -30.470626 -2.720483 -0.178581 0.008029 0.001486 0.013029 0.999882
1317383452.322988 -32.001999 -2.766246 -0.158416 0.009425 0.003486 0.012319 0.999874
1317383452.427235 -33.527328 -2.813937 -0.153427 0.010045 0.003625 0.012043 0.999870
1317383452.531361 -35.035897 -2.861836 -0.173187 0.012223 0.003866 0.011822 0.999848
1317383452.635489 -36.536780 -2.912037 -0.201629 0.012013 0.004271 0.010937 0.999859
1317383452.739611 -38.064079 -2.964780 -0.226622 0.011317 0.004064 0.010561 0.999872
1317383452.843863 -39.535249 -3.018197 -0.245862 0.009223 0.002910 0.009922 0.999904
1317383452.947986 -40.990420 -3.065036 -0.266260 0.008591 0.002470 0.009185 0.999918
1317383453.052114 -42.502024 -3.116606 -0.273618 0.006743 0.002733 0.008933 0.999934
1317383453.156238 -44.011260 -3.185514 -0.281614 0.005988 0.003140 0.009002 0.999937
1317383453.260362 -45.538360 -3.239512 -0.300833 0.005742 0.001947 0.008975 0.999941
1317383453.364489 -47.069420 -3.303329 -0.323086 0.004772 0.000488 0.009550 0.999943
1317383453.468737 -48.610987 -3.365959 -0.331070 0.001366 -0.000385 0.009442 0.999954
1317383453.572874 -50.249817 -3.432992 -0.336637 -0.001145 -0.000097 0.010019 0.999949
1317383453.676989 -51.934246 -3.481159 -0.341753 -0.003112 0.000695 0.009118 0.999953
1317383453.781112 -53.609287 -3.525677 -0.344044 -0.004308 0.001680 0.008814 0.999950
1317383453.885240 -55.374753 -3.591165 -0.360005 -0.002840 0.002028 0.009138 0.999952
1317383453.989363 -57.143828 -3.643754 -0.375872 -0.001645 0.001949 0.009115 0.999955
1317383454.093489 -58.980063 -3.709205 -0.417534 0.002053 0.000940 0.010729 0.999940
1317383454.197613 -60.923910 -3.777297 -0.443121 0.000806 -0.001911 0.012042 0.999925
1317383454.301739 -62.914353 -3.838259 -0.448074 -0.002519 -0.003222 0.012978 0.999907
1317383454.405988 -64.891841 -3.887626 -0.441458 -0.005733 -0.002791 0.012823 0.999897
1317383454.510113 -66.889773 -3.945210 -0.460962 -0.006334 -0.001347 0.012563 0.999900
1317383454.614239 -68.896352 -3.996181 -0.487919 -0.005873 0.000082 0.011913 0.999912
1317383454.718365 -70.971000 -4.056977 -0.516839 -0.005477 0.000127 0.011632 0.999917
1317383454.822489 -72.978603 -4.136779 -0.547222 -0.003842 0.000285 0.012008 0.999920
1317383454.926615 -75.016616 -4.196705 -0.570660 -0.001863 0.000704 0.011754 0.999929
1317383455.030739 -77.035253 -4.248935 -0.585305 -0.001411 0.000537 0.011797 0.999929
1317383455.134866 -79.015828 -4.314618 -0.609603 0.000309 0.000820 0.011672 0.999931
1317383455.238991 -80.995716 -4.384836 -0.639447 0.003012 0.001577 0.012034 0.999922
1317383455.343116 -83.002792 -4.450905 -0.675073 0.005359 0.001693 0.011916 0.999913
1317383455.447241 -85.035907 -4.514019 -0.718981 0.006449 0.000013 0.011741 0.999910
1317383455.551490 -87.055971 -4.558575 -0.761620 0.003996 -0.002880 0.011924 0.999917
1317383455.655614 -89.063831 -4.619477 -0.771799 -0.003448 -0.003753 0.011081 0.999926
1317383455.759739 -91.092826 -4.666297 -0.778742 -0.008493 -0.001950 0.010006 0.999912
1317383455.863866 -93.138968 -4.729184 -0.803658 -0.009129 -0.000822 0.009622 0.999912
1317383455.967990 -95.135524 -4.806465 -0.846853 -0.006864 -0.000656 0.010313 0.999923
1317383456.072115 -97.113499 -4.867583 -0.885259 -0.004493 -0.000737 0.010664 0.999933
1317383456.176241 -99.083220 -4.928633 -0.916069 -0.003030 -0.001361 0.011324 0.999930
1317383456.280242 -101.065462 -4.991984 -0.942360 -0.002888 -0.001357 0.012481 0.999917
1317383456.384368 -103.066050 -5.052255 -0.968277 -0.003951 -0.001347 0.011881 0.999921
1317383456.488489 -105.122259 -5.109535 -0.988055 -0.005503 -0.001008 0.012548 0.999906
1317383456.592616 -107.217081 -5.165339 -1.023761 -0.004114 -0.001078 0.013053 0.999906
1317383456.696741 -109.395460 -5.230427 -1.064637 -0.003713 -0.001792 0.013336 0.999903
1317383456.800866 -111.536051 -5.307581 -1.115771 -0.002033 -0.002386 0.013390 0.999905
1317383456.904991 -113.788754 -5.386670 -1.155545 -0.002463 -0.002310 0.013985 0.999897
1317383457.009117 -115.996839 -5.458404 -1.184366 -0.002182 -0.002260 0.013860 0.999899
1317383457.113240 -118.317618 -5.522262 -1.215044 -0.002346 -0.002720 0.014022 0.999895
1317383457.217242 -120.621218 -5.599778 -1.261225 -0.002293 -0.002842 0.014669 0.999886
1317383457.321368 -122.965066 -5.664089 -1.310504 -0.001927 -0.003215 0.014947 0.999881
1317383457.425493 -125.370665 -5.736571 -1.346812 -0.002730 -0.003075 0.015624 0.999869
1317383457.529616 -127.855123 -5.811394 -1.381469 -0.002200 -0.003328 0.015641 0.999870
1317383457.633743 -130.385405 -5.894585 -1.407954 -0.002667 -0.003316 0.015937 0.999864
1317383457.737865 -132.879213 -5.972576 -1.443796 -0.001820 -0.003584 0.016388 0.999858
1317383457.841993 -135.348008 -6.050304 -1.480854 -0.001847 -0.003458 0.016253 0.999860
1317383457.945993 -137.882888 -6.139737 -1.533721 -0.000724 -0.003148 0.015955 0.999867
1317383458.050119 -140.409370 -6.237387 -1.584229 -0.000815 -0.003112 0.016017 0.999867
1317383458.154244 -142.895987 -6.306952 -1.628086 -0.001437 -0.004032 0.016602 0.999853
1317383458.258243 -145.405781 -6.383993 -1.673107 -0.002155 -0.003902 0.016208 0.999859
1317383458.362368 -147.905807 -6.457524 -1.712586 -0.003052 -0.003351 0.017159 0.999842
1317383458.466489 -150.379467 -6.536787 -1.764304 -0.002159 -0.002816 0.017031 0.999849
1317383458.570618 -152.894068 -6.624075 -1.825750 -0.001677 -0.003608 0.017253 0.999843
1317383458.674742 -155.393620 -6.714128 -1.883965 -0.001310 -0.004621 0.016972 0.999844
1317383458.778749 -157.872676 -6.814361 -1.931785 -0.002659 -0.004725 0.016487 0.999849
1317383458.882872 -160.369842 -6.893853 -1.970860 -0.002952 -0.004377 0.017261 0.999837
1317383458.986992 -162.897513 -6.979945 -2.019725 -0.003557 -0.004140 0.017342 0.999835
1317383459.090996 -165.367337 -7.066652 -2.072894 -0.003957 -0.004288 0.017489 0.999830
1317383459.195117 -167.862749 -7.155999 -2.129385 -0.004368 -0.004538 0.017806 0.999822
1317383459.299247 -170.330444 -7.246971 -2.191543 -0.004226 -0.004901 0.018104 0.999815
1317383459.403248 -172.752970 -7.362614 -2.240494 -0.005999 -0.005087 0.017491 0.999816
1317383459.507245 -175.098295 -7.454761 -2.290889 -0.004733 -0.005352 0.018217 0.999809
1317383459.611372 -177.462141 -7.544431 -2.346357 -0.004429 -0.005001 0.018601 0.999805
1317383459.715372 -179.807673 -7.621825 -2.405580 -0.002701 -0.004883 0.018866 0.999806
1317383459.819373 -182.148574 -7.701235 -2.461722 -0.002743 -0.005177 0.019005 0.999802
1317383459.923497 -184.458052 -7.798552 -2.532001 -0.001098 -0.006138 0.018497 0.999809
1317383460.027498 -186.854719 -7.880462 -2.584907 -0.001026 -0.005835 0.019032 0.999801
1317383460.131497 -189.217162 -7.975496 -2.638566 0.000326 -0.004542 0.019133 0.999807
1317383460.235622 -191.493334 -8.084232 -2.703306 0.001241 -0.005258 0.018878 0.999807
1317383460.339622 -193.713717 -8.163941 -2.773282 0.002304 -0.005949 0.019757 0.999784
1317383460.443748 -195.950229 -8.284519 -2.840541 0.002008 -0.006506 0.018847 0.999799
1317383460.547748 -198.189907 -8.410158 -2.897663 0.000836 -0.006591 0.017721 0.999821
1317383460.651747 -200.417114 -8.556753 -2.948618 -0.000544 -0.006986 0.016140 0.999845
1317383460.755869 -202.697592 -8.703267 -2.997814 -0.002819 -0.007157 0.015367 0.999852
1317383460.859874 -204.965970 -8.781388 -3.066594 -0.002258 -0.007286 0.015259 0.999854
1317383460.963999 -207.312844 -8.828671 -3.143182 -0.002266 -0.007752 0.014851 0.999857
1317383461.067998 -209.645054 -8.867490 -3.221590 -0.001314 -0.008363 0.014226 0.999863
1317383461.172123 -212.005492 -8.897835 -3.293778 -0.000019 -0.008180 0.012264 0.999891
1317383461.276251 -214.431068 -8.963644 -3.353901 -0.000651 -0.007872 0.010352 0.999915
1317383461.380248 -216.891762 -9.026209 -3.437818 0.001800 -0.007591 0.006998 0.999945
1317383461.484409 -219.346380 -9.132242 -3.521786 0.002909 -0.008135 0.006601 0.999941
1317383461.588373 -221.874680 -9.270454 -3.591108 0.002261 -0.009525 0.006129 0.999933
1317383461.692527 -224.438717 -9.434168 -3.664116 0.002482 -0.009806 0.006133 0.999930
1317383461.796494 -227.003952 -9.588824 -3.725785 0.001647 -0.009833 0.005862 0.999933
1317383461.900497 -229.592515 -9.701687 -3.795657 0.001793 -0.010237 0.008133 0.999913
1317383462.004621 -232.203057 -9.781955 -3.873378 0.000688 -0.010417 0.007708 0.999916
1317383462.108622 -234.905282 -9.814104 -3.962291 0.001349 -0.010444 0.008934 0.999905
1317383462.212622 -237.518418 -9.838459 -4.045733 0.002290 -0.010476 0.010100 0.999891
1317383462.316746 -240.206757 -9.944512 -4.121124 0.001327 -0.010439 0.011167 0.999882
1317383462.420747 -242.868235 -10.086210 -4.193781 0.001190 -0.009617 0.010534 0.999898
1317383462.524747 -245.465521 -10.220350 -4.288313 0.001762 -0.009769 0.011399 0.999886
1317383462.628747 -247.989726 -10.377610 -4.374866 0.001909 -0.010354 0.009959 0.999895
1317383462.732872 -250.496666 -10.430632 -4.454024 0.001704 -0.010686 0.008360 0.999907
1317383462.836871 -252.994061 -10.443915 -4.533165 0.002066 -0.011486 0.009412 0.999888
1317383462.940872 -255.485731 -10.439709 -4.615928 0.002550 -0.012338 0.010507 0.999865
1317383463.044998 -257.995411 -10.439659 -4.706489 0.002689 -0.013259 0.011257 0.999845
1317383463.149001 -260.510528 -10.472724 -4.794803 0.002191 -0.013928 0.012033 0.999828
1317383463.253001 -263.013613 -10.553617 -4.865774 0.001255 -0.014053 0.010493 0.999845
1317383463.357000 -265.491946 -10.700884 -4.932250 -0.001286 -0.012747 0.010040 0.999868
1317383463.461001 -267.966271 -10.856653 -5.011741 -0.000442 -0.011143 0.011461 0.999872
1317383463.565003 -270.488593 -11.025496 -5.100109 -0.000083 -0.010808 0.011323 0.999877
1317383463.669125 -272.953261 -11.263820 -5.180202 -0.000299 -0.011546 0.010449 0.999879
1317383463.773125 -275.520384 -11.464819 -5.275264 0.000784 -0.012043 0.008221 0.999893
1317383463.877128 -278.050238 -11.596213 -5.367234 0.000299 -0.011815 0.008953 0.999890
1317383463.981131 -280.595035 -11.599257 -5.455537 0.001394 -0.011613 0.010695 0.999874
1317383464.085252 -283.083139 -11.561896 -5.557687 0.000526 -0.012093 0.012112 0.999853
1317383464.189246 -285.540127 -11.603716 -5.651557 -0.000844 -0.012753 0.011643 0.999851
1317383464.293248 -288.071111 -11.660706 -5.741509 -0.000371 -0.012257 0.009587 0.999879
1317383464.397252 -290.587000 -11.745711 -5.829188 0.000239 -0.011412 0.010151 0.999883
1317383464.501372 -293.091394 -11.825028 -5.938410 0.001517 -0.012296 0.012527 0.999845
1317383464.605373 -295.672763 -11.859563 -6.045558 0.001880 -0.011885 0.014061 0.999829
1317383464.709374 -298.342236 -11.942555 -6.149087 0.000773 -0.012562 0.013018 0.999836
1317383464.813375 -300.993160 -12.094565 -6.256585 0.000558 -0.014522 0.014416 0.999790
1317383464.917375 -303.644818 -12.240183 -6.342454 -0.001497 -0.014425 0.014150 0.999795
1317383465.021499 -306.335469 -12.380592 -6.439634 -0.001996 -0.013050 0.013706 0.999819
1317383465.125501 -309.009149 -12.493609 -6.543754 -0.002113 -0.011079 0.014005 0.999838
1317383465.229624 -311.726870 -12.576016 -6.660881 -0.001247 -0.011389 0.017955 0.999773
1317383465.333625 -314.450241 -12.608044 -6.785231 -0.000179 -0.012442 0.014377 0.999819
1317383465.437749 -317.230274 -12.796192 -6.894217 0.000381 -0.011933 0.016800 0.999788
1317383465.541752 -320.042848 -12.901949 -7.009516 0.001805 -0.011526 0.017153 0.999785
1317383465.645875 -322.815072 -13.073269 -7.125974 0.002487 -0.011686 0.021350 0.999701
1317383465.750000 -325.607859 -13.233214 -7.241292 0.003066 -0.011731 0.022591 0.999671
1317383465.854124 -328.473015 -13.404003 -7.361692 0.004108 -0.012010 0.018026 0.999757
1317383465.958126 -331.395331 -13.589554 -7.482678 0.004513 -0.011861 0.020074 0.999718
1317383466.062251 -334.524464 -13.792024 -7.609945 0.005581 -0.012191 0.021020 0.999689
1317383466.166251 -337.617710 -14.041265 -7.737808 0.005724 -0.012612 0.023491 0.999628
1317383466.270376 -340.794292 -14.293657 -7.864631 0.007385 -0.013100 0.028413 0.999483
1317383466.376000 -344.095682 -14.623591 -7.993667 0.007530 -0.012722 0.034344 0.999301
1317383466.478529 -347.321070 -14.857709 -8.126540 0.008189 -0.013187 0.035956 0.999233
1317383466.582631 -350.615904 -15.146285 -8.265635 0.009675 -0.012898 0.040079 0.999066
1317383466.686625 -353.919908 -15.461731 -8.406576 0.011762 -0.012228 0.042963 0.998933
1317383466.790752 -357.289810 -15.713944 -8.551108 0.012054 -0.012346 0.044917 0.998842
1317383466.894878 -360.626982 -15.957583 -8.704462 0.013001 -0.012992 0.046130 0.998766
1317383466.998998 -364.127296 -16.134228 -8.853850 0.013119 -0.012658 0.048358 0.998664
1317383467.103135 -367.644827 -16.298897 -9.001842 0.012606 -0.012260 0.048338 0.998676
1317383467.207256 -371.239679 -16.463422 -9.160836 0.012488 -0.012794 0.044390 0.998854
1317383467.311247 -374.875510 -16.744700 -9.338502 0.015654 -0.013437 0.045239 0.998763
1317383467.415380 -378.540187 -17.039993 -9.498475 0.017000 -0.013522 0.043495 0.998817
1317383467.519504 -382.192793 -17.420346 -9.644113 0.016931 -0.014383 0.037952 0.999033
1317383467.623635 -385.899874 -17.757698 -9.802443 0.016228 -0.014412 0.042080 0.998878
1317383467.727758 -389.530881 -18.016634 -9.969886 0.016871 -0.014273 0.045004 0.998742
1317383467.831885 -393.172178 -18.339051 -10.143997 0.016955 -0.014058 0.045974 0.998700
1317383467.936004 -396.807748 -18.658461 -10.321638 0.017686 -0.014470 0.050667 0.998454
1317383468.040128 -400.467826 -19.004548 -10.487106 0.018661 -0.015277 0.047611 0.998575
1317383468.144135 -404.147933 -19.458967 -10.632501 0.016749 -0.014964 0.048557 0.998568
1317383468.248247 -407.901963 -19.857679 -10.803132 0.016823 -0.014969 0.048244 0.998582
1317383468.352384 -411.672627 -20.258520 -10.991717 0.019005 -0.015175 0.048857 0.998510
1317383468.456509 -415.434733 -20.613370 -11.177485 0.018048 -0.015929 0.045832 0.998659
