1317383440.868350 0.004946 -0.002179 0.000448 0.000032 0.000163 -0.000147 1.000000
1317383440.972599 0.128914 -0.003117 0.003208 0.000807 0.000714 -0.003495 0.999993
1317383441.076726 0.141487 -0.035356 0.001385 0.002020 0.003513 -0.002322 0.999989
1317383441.180851 -0.272534 -0.126514 0.005065 0.001564 0.002942 0.000821 0.999994
1317383441.285100 0.178314 -0.422869 0.010722 -0.000672 0.001110 -0.002463 0.999996
1317383441.389227 0.474173 -0.494562 -0.000886 -0.001495 0.000726 -0.003959 0.999991
1317383441.493483 0.722933 -0.514099 0.002960 -0.003970 0.000716 -0.002187 0.999989
1317383441.597600 1.053519 -0.537817 0.013396 -0.003752 0.001275 -0.002379 0.999989
1317383441.701850 1.334093 -0.595922 0.042099 -0.003355 0.002586 -0.000326 0.999991
1317383441.805976 1.711155 -0.694747 0.048696 -0.001161 0.003694 -0.004527 0.999982
1317383441.910225 2.072331 -0.724303 0.037407 0.001052 0.003171 -0.008501 0.999958
1317383442.014351 2.368784 -0.778311 0.015205 0.000694 0.001454 -0.005401 0.999984
1317383442.118600 2.673099 -0.756389 0.019388 -0.000873 0.000608 -0.003051 0.999995
1317383442.222727 3.090982 -0.769096 0.060988 -0.004230 0.001585 -0.001119 0.999989
1317383442.326977 3.415074 -0.791599 0.074410 -0.005122 0.003655 -0.000607 0.999980
1317383442.431103 3.775667 -0.825785 0.091289 -0.005651 0.005158 0.003581 0.999964
1317383442.535351 4.234766 -0.924397 0.082788 -0.003321 0.004066 0.005879 0.999969
1317383442.639478 4.615961 -1.033558 0.062675 -0.002251 0.003343 0.007496 0.999964
1317383442.743726 5.020565 -1.135190 0.046590 -0.002148 0.002080 0.005034 0.999983
1317383442.847853 5.432855 -1.211029 0.049691 -0.004251 0.002047 0.006016 0.999971
1317383442.951978 5.824128 -1.293796 0.068774 -0.005786 0.001543 0.011616 0.999915
1317383443.056227 6.295442 -1.305545 0.083264 -0.006908 0.001346 0.012344 0.999899
1317383443.160352 6.825268 -1.342601 0.104757 -0.006727 0.002366 0.012277 0.999899
1317383443.264477 7.286560 -1.378825 0.119996 -0.007907 0.003297 0.012870 0.999880
1317383443.368603 7.746947 -1.454173 0.119146 -0.008437 0.003308 0.012115 0.999886
1317383443.472852 8.147819 -1.477823 0.106189 -0.009981 0.003287 0.013006 0.999860
1317383443.576978 8.509150 -1.501752 0.110990 -0.010632 0.003803 0.014609 0.999830
1317383443.681107 8.874970 -1.547201 0.117701 -0.011785 0.004047 0.014442 0.999818
1317383443.785227 9.282505 -1.556645 0.120714 -0.010601 0.003778 0.015479 0.999817
1317383443.889355 9.648100 -1.571583 0.130466 -0.010730 0.003581 0.013994 0.999838
1317383443.993477 9.988507 -1.576882 0.134850 -0.010534 0.004134 0.015094 0.999822
1317383444.097604 10.343530 -1.556066 0.145969 -0.011112 0.004518 0.017372 0.999777
1317383444.201727 10.609296 -1.470091 0.145948 -0.012059 0.004819 0.015856 0.999790
1317383444.305853 10.776452 -1.440879 0.141799 -0.012288 0.005066 0.017617 0.999756
1317383444.409979 10.936398 -1.427722 0.145085 -0.012104 0.005136 0.017354 0.999763
1317383444.514102 11.117727 -1.425026 0.146658 -0.012711 0.005911 0.017487 0.999749
1317383444.618230 11.291683 -1.392903 0.145103 -0.010908 0.005742 0.017226 0.999776
1317383444.722355 11.424276 -1.368058 0.139489 -0.009743 0.005162 0.017435 0.999787
1317383444.826479 11.577355 -1.411983 0.137948 -0.009933 0.005255 0.018752 0.999761
1317383444.930728 11.686711 -1.458772 0.149475 -0.009844 0.005672 0.019425 0.999747
1317383445.034853 11.782015 -1.387462 0.152446 -0.009071 0.005923 0.016497 0.999805
1317383445.138980 11.853182 -1.347032 0.150967 -0.008540 0.005787 0.017663 0.999791
1317383445.243104 11.875140 -1.293193 0.151487 -0.007495 0.005162 0.016184 0.999828
1317383445.347230 11.892951 -1.278442 0.147637 -0.007424 0.004984 0.016165 0.999829
1317383445.451356 11.916685 -1.259439 0.145179 -0.008487 0.004974 0.014652 0.999844
1317383445.555473 11.948254 -1.276081 0.146807 -0.009676 0.005251 0.016126 0.999809
1317383445.659596 11.901877 -1.303082 0.138416 -0.010561 0.006011 0.016129 0.999796
1317383445.763841 11.874424 -1.306826 0.138306 -0.012392 0.006296 0.015556 0.999782
1317383445.867968 11.813620 -1.307254 0.141027 -0.013947 0.006434 0.015083 0.999768
1317383445.972116 11.775890 -1.298515 0.127970 -0.015224 0.005644 0.015716 0.999745
1317383446.076232 11.796973 -1.283445 0.122832 -0.016571 0.005673 0.014497 0.999742
1317383446.180229 11.808457 -1.273211 0.126423 -0.016682 0.005425 0.014562 0.999740
1317383446.284357 11.870579 -1.270427 0.129059 -0.016776 0.005191 0.014462 0.999741
1317383446.388481 11.883905 -1.295129 0.116813 -0.014034 0.004906 0.015135 0.999775
1317383446.492605 11.865281 -1.289782 0.113787 -0.014422 0.004587 0.015147 0.999771
1317383446.596607 11.871820 -1.270679 0.113858 -0.014160 0.004673 0.015462 0.999769
1317383446.700731 11.871053 -1.258518 0.113515 -0.013676 0.004313 0.015697 0.999774
1317383446.804858 11.883822 -1.261673 0.112409 -0.014078 0.004598 0.016413 0.999756
1317383446.908982 11.877095 -1.251134 0.113444 -0.013151 0.004887 0.015938 0.999775
1317383447.013106 11.823130 -1.239017 0.113332 -0.011864 0.005351 0.017160 0.999768
1317383447.117232 11.755654 -1.236573 0.114264 -0.010491 0.005780 0.017915 0.999768
1317383447.221232 11.626242 -1.235355 0.114565 -0.009907 0.005625 0.018188 0.999770
1317383447.325356 11.447801 -1.233010 0.124139 -0.009782 0.005628 0.018051 0.999773
1317383447.429482 11.300940 -1.240677 0.125141 -0.009349 0.005416 0.018599 0.999769
1317383447.533606 11.142077 -1.249483 0.115090 -0.009221 0.005238 0.018708 0.999769
1317383447.637608 10.919436 -1.244806 0.110721 -0.009076 0.004781 0.018291 0.999780
1317383447.741732 10.673378 -1.245679 0.115597 -0.010109 0.004515 0.018624 0.999765
1317383447.845858 10.382992 -1.237848 0.113603 -0.010874 0.004773 0.018503 0.999758
1317383447.949983 10.053619 -1.222143 0.116463 -0.011798 0.005126 0.018486 0.999746
1317383448.053983 9.760114 -1.209215 0.115820 -0.012249 0.006052 0.018282 0.999740
1317383448.158108 9.452134 -1.222356 0.110681 -0.011079 0.005695 0.017868 0.999763
1317383448.262232 9.031519 -1.232920 0.104482 -0.011473 0.004623 0.017991 0.999762
1317383448.366356 8.600687 -1.237175 0.101797 -0.011354 0.003866 0.017930 0.999767
1317383448.470358 8.125922 -1.250019 0.097041 -0.009206 0.004218 0.018107 0.999785
1317383448.574483 7.590569 -1.262780 0.085404 -0.007262 0.005147 0.017823 0.999802
1317383448.678608 6.964456 -1.268618 0.067440 -0.004162 0.005766 0.016909 0.999832
1317383448.782733 6.347930 -1.283481 0.063871 -0.004407 0.005346 0.017319 0.999826
1317383448.886859 5.729812 -1.283421 0.064565 -0.005250 0.004127 0.016966 0.999834
1317383448.990981 5.028797 -1.301832 0.053147 -0.005222 0.002735 0.015859 0.999857
1317383449.095109 4.320385 -1.328332 0.053331 -0.008165 0.002403 0.015612 0.999842
1317383449.199235 3.580798 -1.344937 0.067266 -0.009788 0.003267 0.014688 0.999839
1317383449.303359 2.847116 -1.374828 0.078723 -0.011358 0.004467 0.014163 0.999825
1317383449.407482 2.051714 -1.392197 0.075290 -0.010014 0.005036 0.013638 0.999844
1317383449.511609 1.214665 -1.419916 0.062297 -0.010224 0.004868 0.013320 0.999847
1317383449.615735 0.396663 -1.466055 0.025228 -0.009109 0.004060 0.012407 0.999873
1317383449.719859 -0.461462 -1.496225 0.019512 -0.010352 0.004605 0.011896 0.999865
1317383449.823984 -1.360287 -1.520396 0.013109 -0.008524 0.003499 0.011303 0.999894
1317383449.928109 -2.338911 -1.554295 0.003116 -0.010012 0.002946 0.010889 0.999886
1317383450.032235 -3.343758 -1.578908 0.006271 -0.011077 0.002637 0.010803 0.999877
1317383450.136360 -4.348670 -1.620818 0.012906 -0.011117 0.002953 0.010615 0.999878
1317383450.240485 -5.332518 -1.655008 0.015300 -0.011913 0.003896 0.010344 0.999868
1317383450.344610 -6.284805 -1.688208 0.004260 -0.010680 0.003788 0.010181 0.999884
1317383450.448738 -7.300031 -1.742648 -0.002560 -0.009476 0.003989 0.010174 0.999895
1317383450.552860 -8.344566 -1.816718 -0.006827 -0.008833 0.004388 0.009529 0.999906
1317383450.656984 -9.421630 -1.881851 -0.016173 -0.007176 0.004701 0.009581 0.999917
1317383450.760986 -10.469764 -1.925900 -0.036958 -0.005131 0.004561 0.010409 0.999922
1317383450.865110 -11.527806 -1.982638 -0.065244 -0.004340 0.005110 0.010577 0.999922
1317383450.969235 -12.572083 -2.035280 -0.120579 0.000906 0.006163 0.011124 0.999919
1317383451.073360 -13.603192 -2.096494 -0.140613 0.000877 0.006048 0.011402 0.999916
1317383451.177487 -14.619946 -2.157382 -0.142995 0.001607 0.005795 0.011881 0.999911
1317383451.281622 -15.665735 -2.221456 -0.138307 0.000470 0.005504 0.012161 0.999911
1317383451.385737 -16.758421 -2.263679 -0.136503 0.001021 0.004228 0.012771 0.999909
1317383451.489861 -17.908711 -2.305373 -0.135890 0.002918 0.003599 0.013149 0.999903
1317383451.593986 -18.986773 -2.354893 -0.134628 0.004576 0.004507 0.013525 0.999888
1317383451.698111 -20.043298 -2.412746 -0.138185 0.008808 0.005515 0.014248 0.999844
1317383451.802237 -21.091142 -2.448501 -0.165603 0.011799 0.004903 0.014993 0.999806
1317383451.906362 -22.173175 -2.490929 -0.164871 0.010505 0.002585 0.014637 0.999834
1317383452.010613 -23.317156 -2.526775 -0.166051 0.008950 0.001591 0.014097 0.999859
1317383452.114745 -24.451544 -2.577839 -0.154545 0.007181 0.001071 0.013718 0.999880
1317383452.218863 -25.576686 -2.615720 -0.141231 0.007983 0.001861 0.013475 0.999876
1317383452.322988 -26.714457 -2.641064 -0.133814 0.010357 0.003748 0.013026 0.999854
1317383452.427235 -27.950627 -2.690374 -0.113517 0.010034 0.003639 0.013012 0.999858
1317383452.531361 -29.201103 -2.731797 -0.118700 0.011408 0.004187 0.012475 0.999848
1317383452.635489 -30.472454 -2.764786 -0.142402 0.011579 0.004213 0.011614 0.999857
1317383452.739611 -31.734385 -2.791070 -0.166837 0.009590 0.004365 0.010778 0.999886
1317383452.843863 -33.031839 -2.839816 -0.175482 0.007036 0.003176 0.010267 0.999917
1317383452.947986 -34.321126 -2.874663 -0.188267 0.006208 0.002425 0.009614 0.999932
1317383453.052114 -35.575662 -2.909946 -0.199034 0.004785 0.003126 0.009233 0.999941
1317383453.156238 -36.866223 -2.958421 -0.205609 0.004202 0.003684 0.009046 0.999943
1317383453.260362 -38.164300 -3.005166 -0.239480 0.005498 0.002608 0.008773 0.999943
1317383453.364489 -39.479141 -3.071610 -0.261769 0.004319 0.001060 0.009982 0.999940
1317383453.468737 -40.870706 -3.124953 -0.263142 0.000943 -0.000077 0.009752 0.999952
1317383453.572874 -42.249907 -3.188857 -0.256411 -0.002485 0.000059 0.009844 0.999948
1317383453.676989 -43.613040 -3.245784 -0.262087 -0.003921 0.000965 0.009553 0.999946
1317383453.781112 -44.967607 -3.312075 -0.270039 -0.004087 0.002061 0.010095 0.999939
1317383453.885240 -46.412061 -3.377556 -0.277924 -0.003050 0.002659 0.010314 0.999939
1317383453.989363 -47.886388 -3.430431 -0.297928 -0.000779 0.002621 0.011080 0.999935
1317383454.093489 -49.429557 -3.491585 -0.325698 0.001174 0.001180 0.011864 0.999928
1317383454.197613 -50.907589 -3.533166 -0.346048 0.001170 -0.001225 0.012927 0.999915
1317383454.301739 -52.417480 -3.575289 -0.346727 -0.002672 -0.002486 0.013351 0.999904
1317383454.405988 -53.977201 -3.613716 -0.330938 -0.006576 -0.002254 0.013445 0.999885
1317383454.510113 -55.510353 -3.664646 -0.326936 -0.008458 -0.001021 0.013288 0.999875
1317383454.614239 -57.037778 -3.721457 -0.345068 -0.007802 0.000485 0.013554 0.999878
1317383454.718365 -58.509948 -3.767090 -0.359181 -0.007922 0.000706 0.013140 0.999882
1317383454.822489 -59.983359 -3.824579 -0.373173 -0.007224 0.001039 0.013374 0.999884
1317383454.926615 -61.457780 -3.885957 -0.385925 -0.004912 0.001362 0.013206 0.999900
1317383455.030739 -62.939748 -3.940808 -0.404496 -0.003441 0.001026 0.013213 0.999906
1317383455.134866 -64.458955 -3.989502 -0.425734 -0.002132 0.001545 0.012754 0.999915
1317383455.238991 -65.980149 -4.036078 -0.445173 -0.000016 0.002337 0.012334 0.999921
1317383455.343116 -67.472841 -4.074851 -0.467514 0.002987 0.002812 0.012234 0.999917
1317383455.447241 -68.948023 -4.131756 -0.505140 0.004238 0.001136 0.012149 0.999917
1317383455.551490 -70.423331 -4.183614 -0.536892 0.001267 -0.002154 0.012088 0.999924
1317383455.655614 -71.913007 -4.233400 -0.552240 -0.003902 -0.002775 0.012063 0.999916
1317383455.759739 -73.400817 -4.281560 -0.545094 -0.009873 -0.000826 0.011354 0.999886
1317383455.863866 -74.931875 -4.311993 -0.546737 -0.011556 0.000249 0.011051 0.999872
1317383455.967990 -76.468840 -4.370708 -0.566548 -0.010127 0.000567 0.011883 0.999878
1317383456.072115 -77.958693 -4.412577 -0.606980 -0.006434 0.000165 0.011914 0.999908
1317383456.176241 -79.457676 -4.466033 -0.634140 -0.004709 -0.000025 0.012908 0.999906
1317383456.280242 -80.964219 -4.517201 -0.650019 -0.005150 -0.000534 0.012559 0.999908
1317383456.384368 -82.476295 -4.582735 -0.662070 -0.006644 -0.000395 0.012727 0.999897
1317383456.488489 -83.999990 -4.641918 -0.671275 -0.008109 -0.000012 0.012487 0.999889
1317383456.592616 -85.524156 -4.677967 -0.693405 -0.007100 -0.000050 0.013132 0.999889
1317383456.696741 -87.021922 -4.711030 -0.730581 -0.005736 -0.000771 0.013674 0.999890
1317383456.800866 -88.520731 -4.757884 -0.761733 -0.004669 -0.000948 0.013719 0.999895
1317383456.904991 -89.977531 -4.801472 -0.771313 -0.006085 -0.001047 0.014602 0.999874
1317383457.009117 -91.465537 -4.847272 -0.788024 -0.005411 -0.001126 0.014727 0.999876
1317383457.113240 -92.986179 -4.891709 -0.808304 -0.005397 -0.001359 0.014768 0.999875
1317383457.217242 -94.538554 -4.934412 -0.832543 -0.005806 -0.001667 0.015437 0.999863
1317383457.321368 -96.064236 -4.975211 -0.858961 -0.005035 -0.001755 0.016028 0.999857
1317383457.425493 -97.591280 -5.023132 -0.883645 -0.004931 -0.001593 0.016518 0.999850
1317383457.529616 -99.083984 -5.080305 -0.896543 -0.005094 -0.002052 0.015926 0.999858
1317383457.633743 -100.520884 -5.119237 -0.912858 -0.004180 -0.002263 0.016348 0.999855
1317383457.737865 -102.022833 -5.177338 -0.936651 -0.003306 -0.002107 0.016211 0.999861
1317383457.841993 -103.508108 -5.230523 -0.956575 -0.002645 -0.001875 0.016654 0.999856
1317383457.945993 -105.011593 -5.279885 -0.968105 -0.003424 -0.001672 0.016323 0.999860
1317383458.050119 -106.507031 -5.321144 -0.984417 -0.003602 -0.001865 0.016766 0.999851
1317383458.154244 -108.050116 -5.359894 -1.012726 -0.003598 -0.002248 0.016784 0.999850
1317383458.258243 -109.549643 -5.402726 -1.032412 -0.005059 -0.002264 0.016572 0.999847
1317383458.362368 -111.044661 -5.439022 -1.050840 -0.005458 -0.001266 0.017447 0.999832
1317383458.466489 -112.556579 -5.500226 -1.065698 -0.005705 -0.000948 0.016868 0.999841
1317383458.570618 -114.079355 -5.565134 -1.101279 -0.004937 -0.001513 0.016780 0.999846
1317383458.674742 -115.597433 -5.622894 -1.127628 -0.005605 -0.002674 0.016684 0.999842
1317383458.778749 -117.109643 -5.673354 -1.157426 -0.005759 -0.002667 0.016472 0.999844
1317383458.882872 -118.603059 -5.712515 -1.171138 -0.006348 -0.002429 0.016407 0.999842
1317383458.986992 -120.045945 -5.756124 -1.181547 -0.007499 -0.001973 0.016495 0.999834
1317383459.090996 -121.491919 -5.802090 -1.214618 -0.006866 -0.002021 0.017220 0.999826
1317383459.195117 -123.003487 -5.866266 -1.250790 -0.007640 -0.002109 0.017006 0.999824
1317383459.299247 -124.519925 -5.909463 -1.287684 -0.007116 -0.002033 0.017361 0.999822
1317383459.403248 -126.046776 -5.938335 -1.309667 -0.008440 -0.002220 0.017576 0.999807
1317383459.507245 -127.588081 -5.998647 -1.332913 -0.007176 -0.002532 0.017731 0.999814
1317383459.611372 -129.093563 -6.074609 -1.352470 -0.007393 -0.002216 0.017513 0.999817
1317383459.715372 -130.572613 -6.125512 -1.380378 -0.005338 -0.001912 0.017575 0.999829
1317383459.819373 -132.069239 -6.167658 -1.415219 -0.004293 -0.002254 0.018118 0.999824
1317383459.923497 -133.593848 -6.220212 -1.456414 -0.002856 -0.003037 0.018935 0.999812
1317383460.027498 -135.116456 -6.278434 -1.482444 -0.002706 -0.002606 0.018816 0.999816
1317383460.131497 -136.693496 -6.360445 -1.503521 -0.002218 -0.001529 0.018416 0.999827
1317383460.235622 -138.331120 -6.473876 -1.536598 -0.001062 -0.001827 0.016967 0.999854
1317383460.339622 -139.992028 -6.566567 -1.572241 -0.000930 -0.002703 0.016620 0.999858
1317383460.443748 -141.650283 -6.645623 -1.600238 -0.001889 -0.002864 0.016048 0.999865
1317383460.547748 -143.396226 -6.727140 -1.633081 -0.002534 -0.002996 0.015369 0.999874
1317383460.651747 -145.050338 -6.804481 -1.673318 -0.003057 -0.003384 0.015196 0.999874
1317383460.755869 -146.785920 -6.862698 -1.716358 -0.003689 -0.003762 0.015008 0.999873
1317383460.859874 -148.580845 -6.888416 -1.754670 -0.004415 -0.004037 0.014064 0.999883
1317383460.963999 -150.482967 -6.914403 -1.797296 -0.003840 -0.004206 0.013045 0.999899
1317383461.067998 -152.428003 -6.968955 -1.838899 -0.003372 -0.004645 0.011189 0.999921
1317383461.172123 -154.399005 -7.009453 -1.872929 -0.003683 -0.004924 0.008844 0.999942
1317383461.276251 -156.405553 -7.065600 -1.909443 -0.004054 -0.004280 0.008720 0.999945
1317383461.380248 -158.470940 -7.127382 -1.957604 -0.003175 -0.003893 0.007760 0.999957
1317383461.484409 -160.546085 -7.249658 -2.010288 -0.001359 -0.004761 0.006391 0.999967
1317383461.588373 -162.634596 -7.391895 -2.063671 -0.001829 -0.006207 0.005558 0.999964
1317383461.692527 -164.873020 -7.547614 -2.103477 -0.002955 -0.006042 0.005653 0.999961
1317383461.796494 -167.061916 -7.653308 -2.146876 -0.001673 -0.006307 0.007576 0.999950
1317383461.900497 -169.369980 -7.797005 -2.199402 -0.000926 -0.006802 0.006336 0.999956
1317383462.004621 -171.626742 -7.858233 -2.252629 -0.000390 -0.006982 0.008242 0.999942
1317383462.108622 -173.947233 -7.896631 -2.303930 -0.001243 -0.007192 0.008678 0.999936
1317383462.212622 -176.321284 -7.948133 -2.354892 -0.000923 -0.007225 0.007310 0.999947
1317383462.316746 -178.692831 -8.060698 -2.395479 -0.002908 -0.006809 0.007803 0.999942
1317383462.420747 -181.050142 -8.218271 -2.443398 -0.004041 -0.005931 0.011120 0.999912
1317383462.524747 -183.491294 -8.350840 -2.508564 -0.003140 -0.006114 0.007741 0.999946
1317383462.628747 -185.942111 -8.437806 -2.580926 -0.002882 -0.006547 0.004260 0.999965
1317383462.732872 -188.372213 -8.486456 -2.639919 -0.003939 -0.006721 0.002646 0.999966
1317383462.836871 -190.776788 -8.549456 -2.703379 -0.002475 -0.007604 -0.000224 0.999968
1317383462.940872 -193.244769 -8.550504 -2.773102 -0.001454 -0.008931 0.002394 0.999956
1317383463.044998 -195.761398 -8.534881 -2.837238 -0.001368 -0.009790 0.004466 0.999941
1317383463.149001 -198.266214 -8.528282 -2.895781 -0.002582 -0.010583 0.006756 0.999918
1317383463.253001 -200.787679 -8.552483 -2.953930 -0.002981 -0.010414 0.009023 0.999901
1317383463.357000 -203.373519 -8.598029 -3.012033 -0.005516 -0.008887 0.013608 0.999853
1317383463.461001 -205.978178 -8.653238 -3.073990 -0.005610 -0.007226 0.016108 0.999828
1317383463.565003 -208.551550 -8.765684 -3.152169 -0.004870 -0.006804 0.018418 0.999795
1317383463.669125 -211.206777 -8.915425 -3.238429 -0.003307 -0.007471 0.017226 0.999818
1317383463.773125 -213.805658 -9.046812 -3.321356 -0.003237 -0.008096 0.017804 0.999803
1317383463.877128 -216.358966 -9.162619 -3.387732 -0.003513 -0.007910 0.015599 0.999841
1317383463.981131 -218.972163 -9.316728 -3.453937 -0.003167 -0.008202 0.016211 0.999830
1317383464.085252 -221.609014 -9.508816 -3.522396 -0.004511 -0.008435 0.016339 0.999821
1317383464.189246 -224.339029 -9.677074 -3.603182 -0.005126 -0.009216 0.014972 0.999832
1317383464.293248 -227.043978 -9.842879 -3.683201 -0.005083 -0.009069 0.014553 0.999840
1317383464.397252 -229.824696 -10.020842 -3.764170 -0.004407 -0.008052 0.016900 0.999815
1317383464.501372 -232.544740 -10.055058 -3.845889 -0.003403 -0.008638 0.014679 0.999849
1317383464.605373 -235.318516 -10.138970 -3.936442 -0.003259 -0.008446 0.018587 0.999786
1317383464.709374 -238.121379 -10.230538 -4.024160 -0.005035 -0.009153 0.019847 0.999748
1317383464.813375 -240.895733 -10.318216 -4.122929 -0.004539 -0.010919 0.019155 0.999747
1317383464.917375 -243.694201 -10.411146 -4.210303 -0.005432 -0.010702 0.022826 0.999667
1317383465.021499 -246.592375 -10.572724 -4.295884 -0.005762 -0.009261 0.024726 0.999635
1317383465.125501 -249.520740 -10.735183 -4.385218 -0.006461 -0.007481 0.026018 0.999613
1317383465.229624 -252.467638 -10.869862 -4.484364 -0.005978 -0.007650 0.024247 0.999659
1317383465.333625 -255.553862 -11.131610 -4.591829 -0.005173 -0.008873 0.027296 0.999575
1317383465.437749 -258.618063 -11.361720 -4.695502 -0.004210 -0.008390 0.027399 0.999580
1317383465.541752 -261.700586 -11.550693 -4.796353 -0.002613 -0.007919 0.027325 0.999592
1317383465.645875 -264.842063 -11.806692 -4.897457 -0.002249 -0.008023 0.026705 0.999609
1317383465.750000 -268.033869 -11.993806 -5.010977 -0.001054 -0.008495 0.031900 0.999454
1317383465.854124 -271.316199 -12.165848 -5.131482 0.000165 -0.008614 0.032909 0.999421
1317383465.958126 -274.655979 -12.422033 -5.240646 0.001145 -0.008562 0.035492 0.999333
1317383466.062251 -278.094016 -12.605514 -5.355543 0.001125 -0.008831 0.036952 0.999277
1317383466.166251 -281.567782 -12.862019 -5.479006 0.001893 -0.009167 0.037760 0.999243
1317383466.270376 -285.057889 -13.116410 -5.596575 0.001647 -0.009481 0.038096 0.999228
1317383466.376000 -288.544996 -13.374709 -5.712194 0.002396 -0.009302 0.039636 0.999168
1317383466.478529 -292.046238 -13.681025 -5.834450 0.004311 -0.010029 0.040617 0.999115
1317383466.582631 -295.624498 -13.995125 -5.961196 0.006582 -0.009423 0.039399 0.999157
1317383466.686625 -299.185511 -14.281843 -6.086210 0.007623 -0.008612 0.041756 0.999062
1317383466.790752 -302.864084 -14.548081 -6.219637 0.008401 -0.008816 0.043133 0.998995
1317383466.894878 -306.550846 -14.805380 -6.354385 0.007268 -0.010053 0.043190 0.998990
1317383466.998998 -310.262961 -15.037243 -6.490340 0.007486 -0.009771 0.040815 0.999091
1317383467.103135 -314.030658 -15.372001 -6.625503 0.008797 -0.009377 0.043254 0.998981
1317383467.207256 -317.947850 -15.715465 -6.778445 0.011427 -0.009071 0.046020 0.998834
1317383467.311247 -321.837642 -16.099869 -6.921465 0.012067 -0.009127 0.050786 0.998595
1317383467.415380 -325.833791 -16.491046 -7.053016 0.010542 -0.009996 0.052897 0.998494
1317383467.519504 -329.881616 -16.855923 -7.198596 0.012334 -0.010591 0.053477 0.998437
1317383467.623635 -334.065997 -17.178088 -7.356272 0.013040 -0.010479 0.045905 0.998806
1317383467.727758 -338.287516 -17.407224 -7.528764 0.012601 -0.010771 0.044833 0.998857
1317383467.831885 -342.520715 -17.683553 -7.682517 0.012627 -0.011122 0.044391 0.998872
1317383467.936004 -346.769616 -18.082299 -7.843253 0.013296 -0.011493 0.042373 0.998947
1317383468.040128 -351.028847 -18.355743 -8.014961 0.014197 -0.012103 0.040366 0.999011
1317383468.144135 -355.239031 -18.769711 -8.179938 0.013423 -0.012171 0.043253 0.998900
1317383468.248247 -359.569578 -19.173865 -8.334052 0.012661 -0.011585 0.044661 0.998855
1317383468.352384 -363.870982 -19.602125 -8.505106 0.014201 -0.012067 0.046237 0.998757
1317383468.456509 -368.123057 -20.040332 -8.696300 0.015673 -0.012637 0.046221 0.998728
