1317386426.075841 -0.000860 -0.003562 0.001271 -0.001722 -0.000558 0.004592 0.999988
1317386426.179715 0.081403 0.002828 -0.001807 -0.000696 -0.001235 0.010653 0.999942
1317386426.283468 0.182385 0.007653 0.002651 -0.000875 -0.000386 0.018166 0.999835
1317386426.387217 0.393468 0.001313 -0.001207 -0.000562 -0.000243 0.026337 0.999653
1317386426.490967 0.575565 0.010425 -0.003598 0.001292 -0.000826 0.036016 0.999350
1317386426.594719 0.697324 0.028951 -0.007574 0.000698 -0.001235 0.047981 0.998847
1317386426.698468 0.884982 0.053646 -0.003214 -0.000360 -0.001161 0.059957 0.998200
1317386426.802218 1.061181 0.092696 -0.000330 -0.002857 -0.001437 0.072756 0.997345
1317386426.905965 1.254356 0.116406 0.010005 -0.004582 -0.002177 0.086296 0.996257
1317386427.009592 1.451502 0.158693 0.006396 -0.005033 -0.002604 0.101563 0.994813
1317386427.113341 1.646784 0.187392 0.002593 -0.005326 -0.002511 0.117288 0.993081
1317386427.217092 1.814144 0.233146 0.003766 -0.006634 -0.002208 0.133797 0.990984
1317386427.320716 2.014763 0.303383 0.011302 -0.007274 -0.002017 0.151545 0.988422
1317386427.424348 2.215986 0.371212 0.008769 -0.008713 -0.001785 0.169351 0.985516
1317386427.528093 2.425970 0.447619 0.010171 -0.010305 -0.001593 0.186875 0.982328
1317386427.631842 2.632685 0.538791 0.002482 -0.011584 -0.001606 0.205544 0.978578
1317386427.735468 2.846441 0.627036 0.009801 -0.009727 -0.002017 0.225456 0.974203
1317386427.839217 3.036059 0.718817 0.000312 -0.005979 -0.002064 0.246552 0.969109
1317386427.942844 3.235535 0.822031 -0.008952 -0.006042 -0.000869 0.269009 0.963118
1317386428.046466 3.441054 0.941402 0.004110 -0.009423 0.000947 0.293294 0.955975
1317386428.149972 3.645006 1.092504 0.024463 -0.011917 0.001362 0.318308 0.947911
1317386428.253596 3.845612 1.261325 0.023848 -0.012155 0.001226 0.344883 0.938566
1317386428.357346 4.053537 1.427997 0.021051 -0.009240 0.002176 0.371574 0.928355
1317386428.460969 4.265426 1.618575 0.002934 -0.006200 0.003624 0.398838 0.916993
1317386428.564594 4.470327 1.827275 -0.000554 -0.005219 0.004472 0.425488 0.904938
1317386428.668344 4.651630 2.066102 0.002684 -0.004979 0.006381 0.452287 0.891836
1317386428.772094 4.843228 2.325162 0.000917 -0.004610 0.007681 0.479459 0.877518
1317386428.875724 5.004499 2.589575 -0.008466 -0.005204 0.008747 0.506325 0.862283
1317386428.979468 5.178048 2.871437 -0.009797 -0.005424 0.010378 0.532390 0.846418
1317386429.083221 5.341762 3.186034 -0.013573 -0.005868 0.011141 0.558067 0.829701
1317386429.186971 5.477287 3.518529 -0.020267 -0.006567 0.012663 0.582325 0.812831
1317386429.290721 5.578961 3.889399 -0.015941 -0.005832 0.015273 0.605463 0.795705
1317386429.394597 5.674279 4.281086 -0.021795 -0.004701 0.016829 0.626800 0.778984
1317386429.498600 5.754258 4.672295 -0.041719 -0.005129 0.016875 0.645809 0.763296
1317386429.602511 5.788469 5.075908 -0.062253 -0.006563 0.015456 0.662259 0.749087
1317386429.706601 5.835984 5.496465 -0.077299 -0.006709 0.014571 0.676725 0.736061
1317386429.810724 5.869314 5.933773 -0.088412 -0.005579 0.013995 0.689590 0.724043
1317386429.914846 5.886041 6.400220 -0.101134 -0.004248 0.013155 0.701273 0.712759
1317386430.018974 5.899468 6.888948 -0.113091 -0.003796 0.012414 0.711196 0.702874
1317386430.123230 5.877435 7.387238 -0.126398 -0.003686 0.011640 0.719062 0.694839
1317386430.227597 5.857821 7.885840 -0.154307 -0.002803 0.011473 0.724748 0.688913
1317386430.331973 5.798820 8.415785 -0.160091 -0.003210 0.011242 0.728816 0.684610
1317386430.436225 5.647904 8.978417 -0.172419 -0.004039 0.011163 0.731313 0.681939
1317386430.540597 5.521904 9.572864 -0.181706 -0.006053 0.010740 0.733169 0.679935
1317386430.644849 5.399329 10.185678 -0.196539 -0.006773 0.010933 0.734548 0.678435
1317386430.749225 5.389268 10.768804 -0.206327 -0.005587 0.012184 0.734821 0.678129
1317386430.853472 5.374512 11.374298 -0.220141 -0.004013 0.014591 0.734134 0.678836
1317386430.957848 5.338529 11.981954 -0.221206 -0.004600 0.016108 0.733660 0.679310
1317386431.062101 5.280965 12.634216 -0.238187 -0.006815 0.015469 0.733164 0.679842
1317386431.166353 5.196555 13.309511 -0.243558 -0.005408 0.015088 0.732503 0.680575
1317386431.270609 5.145697 14.013570 -0.267054 -0.005772 0.013927 0.732098 0.681032
1317386431.374722 5.093087 14.729197 -0.292127 -0.006356 0.014595 0.731353 0.681813
1317386431.478978 5.049747 15.448178 -0.306278 -0.009455 0.014632 0.730806 0.682363
1317386431.583100 4.977803 16.179978 -0.300409 -0.011257 0.015319 0.729926 0.683262
1317386431.687226 4.931604 16.905221 -0.330431 -0.011720 0.015346 0.729674 0.683522
1317386431.791347 4.875967 17.671116 -0.361431 -0.009365 0.015675 0.729142 0.684119
1317386431.895345 4.817130 18.464445 -0.405582 -0.009681 0.013464 0.728405 0.684946
1317386431.999473 4.764580 19.264710 -0.419621 -0.009675 0.014904 0.727978 0.685370
1317386432.103596 4.727376 20.037989 -0.431122 -0.010484 0.015534 0.727772 0.685564
1317386432.207601 4.668944 20.837108 -0.451417 -0.011065 0.016901 0.727203 0.686125
1317386432.311720 4.616828 21.672836 -0.474785 -0.010238 0.016686 0.727095 0.686257
1317386432.415720 4.563127 22.464922 -0.493505 -0.006037 0.015012 0.726924 0.686527
1317386432.519719 4.515063 23.270595 -0.534720 -0.002897 0.013694 0.727108 0.686380
1317386432.623723 4.470787 24.086079 -0.569506 -0.002139 0.013389 0.727198 0.686294
1317386432.727721 4.414153 24.925793 -0.574976 -0.006324 0.014322 0.727585 0.685839
1317386432.831597 4.366681 25.798218 -0.574361 -0.010606 0.016530 0.727558 0.685765
1317386432.935601 4.308583 26.636947 -0.584429 -0.013526 0.018355 0.727805 0.685405
1317386433.039596 4.251392 27.469778 -0.603312 -0.015000 0.018656 0.727955 0.685207
1317386433.143598 4.193905 28.289799 -0.634295 -0.013236 0.018101 0.728073 0.685132
1317386433.247474 4.141915 29.118922 -0.675956 -0.010219 0.018060 0.728203 0.685048
1317386433.351474 4.095661 29.937343 -0.715504 -0.010919 0.016847 0.728451 0.684804
1317386433.455347 4.045810 30.759823 -0.728681 -0.013537 0.017225 0.728288 0.684921
1317386433.559349 3.974065 31.588088 -0.727549 -0.013750 0.017111 0.728357 0.684846
1317386433.663348 3.914074 32.432816 -0.769107 -0.012504 0.015117 0.728242 0.685039
1317386433.767348 3.853590 33.272158 -0.813666 -0.009844 0.013536 0.728174 0.685188
1317386433.871348 3.806563 34.125182 -0.844223 -0.009786 0.012865 0.727929 0.685462
1317386433.975222 3.745488 34.957634 -0.850562 -0.011961 0.013207 0.727706 0.685657
1317386434.079228 3.687374 35.767830 -0.845947 -0.013727 0.014673 0.727618 0.685688
1317386434.183223 3.633099 36.596799 -0.866697 -0.015375 0.017021 0.727321 0.685914
1317386434.287100 3.588211 37.440863 -0.895196 -0.016310 0.019405 0.727386 0.685760
1317386434.391099 3.533472 38.297068 -0.922719 -0.016404 0.020332 0.727342 0.685777
1317386434.495104 3.481351 39.139487 -0.963536 -0.014451 0.019766 0.727237 0.685950
1317386434.599102 3.422517 39.972225 -1.000670 -0.012369 0.017577 0.727084 0.686212
1317386434.703102 3.361620 40.781826 -1.032524 -0.013466 0.014772 0.726902 0.686450
1317386434.806973 3.302136 41.613009 -1.062314 -0.014596 0.012591 0.727208 0.686146
1317386434.910977 3.253715 42.450670 -1.073948 -0.013672 0.012600 0.727554 0.685799
1317386435.014849 3.205305 43.259257 -1.085461 -0.011041 0.013140 0.727771 0.685605
1317386435.118847 3.149323 44.070415 -1.115973 -0.007487 0.013893 0.728282 0.685096
1317386435.222723 3.099321 44.907947 -1.157928 -0.008066 0.014957 0.728687 0.684636
1317386435.326727 3.040244 45.732116 -1.168257 -0.011250 0.016340 0.729388 0.683812
1317386435.430599 2.982519 46.556693 -1.158204 -0.011997 0.020440 0.729944 0.683095
1317386435.534475 2.931446 47.395273 -1.174833 -0.011491 0.020842 0.730466 0.682534
1317386435.638473 2.864388 48.192961 -1.206744 -0.010255 0.019225 0.730883 0.682155
1317386435.742350 2.787263 48.994407 -1.251537 -0.009997 0.016399 0.731093 0.682007
1317386435.846348 2.724027 49.775940 -1.279312 -0.011111 0.014071 0.731730 0.681359
1317386435.950223 2.659702 50.575430 -1.292800 -0.013081 0.012712 0.732112 0.680940
1317386436.054099 2.601182 51.366771 -1.300996 -0.013957 0.013446 0.732518 0.680472
1317386436.158098 2.544246 52.148814 -1.311383 -0.013672 0.014136 0.732827 0.680131
1317386436.261974 2.456921 52.945646 -1.335008 -0.014004 0.013411 0.733200 0.679737
1317386436.365974 2.406169 53.721983 -1.357050 -0.014218 0.014065 0.733285 0.679627
1317386436.469851 2.349980 54.494640 -1.387194 -0.014973 0.014927 0.733387 0.679483
1317386436.573849 2.292685 55.282313 -1.403266 -0.016970 0.016082 0.733365 0.679433
1317386436.677724 2.219808 56.053631 -1.416392 -0.018094 0.017870 0.733385 0.679338
1317386436.781725 2.148466 56.812160 -1.436126 -0.017782 0.018148 0.733686 0.679013
1317386436.885600 2.088829 57.564382 -1.464511 -0.016388 0.018614 0.733860 0.678848
1317386436.989598 2.030365 58.312088 -1.492359 -0.013295 0.019327 0.733796 0.678965
1317386437.093475 1.961909 59.041117 -1.520272 -0.012481 0.017565 0.733879 0.678938
1317386437.197477 1.902918 59.748268 -1.545211 -0.012903 0.015609 0.733537 0.679348
1317386437.301477 1.852423 60.450238 -1.558454 -0.012370 0.015262 0.732717 0.680250
1317386437.405476 1.796423 61.146716 -1.572314 -0.013908 0.014412 0.731546 0.681497
1317386437.509599 1.754959 61.813763 -1.586474 -0.014470 0.015244 0.729387 0.683779
1317386437.613601 1.697600 62.447600 -1.597001 -0.014641 0.016388 0.726962 0.686326
1317386437.717725 1.651049 63.081751 -1.611207 -0.014427 0.018135 0.724033 0.689376
1317386437.821850 1.618430 63.731370 -1.621743 -0.016002 0.017648 0.720026 0.693538
1317386437.925976 1.590380 64.348825 -1.642597 -0.018117 0.016548 0.715119 0.698572
1317386438.030227 1.576190 64.928887 -1.659031 -0.018567 0.017273 0.708902 0.704851
1317386438.134476 1.557035 65.527346 -1.678387 -0.019236 0.017249 0.700007 0.713668
1317386438.238727 1.532110 66.070706 -1.702526 -0.019012 0.017264 0.690787 0.722602
1317386438.343099 1.572302 66.624367 -1.732997 -0.018141 0.017526 0.679251 0.733473
1317386438.447476 1.620752 67.149077 -1.751074 -0.017390 0.018431 0.666144 0.745392
1317386438.551849 1.661498 67.667557 -1.766273 -0.016706 0.019292 0.651126 0.758540
1317386438.656226 1.716350 68.192059 -1.779502 -0.015722 0.020091 0.634356 0.772620
1317386438.760725 1.792722 68.660895 -1.791457 -0.016097 0.020749 0.616220 0.787136
1317386438.865102 1.905151 69.133245 -1.800383 -0.014681 0.021786 0.596147 0.802445
1317386438.969600 2.033660 69.574710 -1.808591 -0.010439 0.023231 0.574630 0.818017
1317386439.073977 2.199095 70.033871 -1.837141 -0.006514 0.023485 0.552423 0.833208
1317386439.178476 2.376938 70.491894 -1.873112 -0.003347 0.023717 0.528779 0.848421
1317386439.282855 2.572261 70.910825 -1.907260 -0.003334 0.023598 0.504304 0.863197
1317386439.387103 2.787154 71.306091 -1.908862 -0.003976 0.024339 0.480284 0.876766
1317386439.491479 3.018691 71.665411 -1.901847 -0.001892 0.025556 0.457504 0.888838
1317386439.595731 3.294736 71.994150 -1.901681 0.003592 0.029581 0.434145 0.900350
1317386439.699976 3.576158 72.297497 -1.933457 0.006274 0.029912 0.410093 0.911531
1317386439.804233 3.863648 72.620588 -1.960391 0.005735 0.026759 0.385353 0.922363
1317386439.908486 4.162672 72.954778 -1.988211 0.005785 0.020632 0.359437 0.932923
1317386440.012726 4.478128 73.270613 -2.035481 0.005105 0.014205 0.332548 0.942965
1317386440.116978 4.849972 73.565098 -2.053091 0.003800 0.010671 0.304788 0.952353
1317386440.221225 5.251539 73.852227 -2.043582 0.003106 0.010677 0.276887 0.960838
1317386440.325352 5.665670 74.125175 -2.051717 0.002267 0.009193 0.249048 0.968445
1317386440.429478 6.110700 74.359362 -2.065604 0.001116 0.009079 0.222358 0.974922
1317386440.533480 6.589611 74.562873 -2.071910 -0.002204 0.009920 0.198647 0.980018
1317386440.637476 7.101315 74.758287 -2.080320 -0.005159 0.008365 0.177120 0.984140
1317386440.741357 7.642626 74.937623 -2.088247 -0.008240 0.007974 0.157685 0.987423
1317386440.845107 8.207047 75.113261 -2.089434 -0.008453 0.008463 0.141912 0.989807
1317386440.948730 8.808243 75.274593 -2.094643 -0.008228 0.009177 0.129878 0.991453
1317386441.052480 9.430609 75.414763 -2.110950 -0.007671 0.010086 0.119530 0.992750
1317386441.156231 10.061923 75.569914 -2.126593 -0.009233 0.011718 0.110290 0.993788
1317386441.259982 10.707774 75.731100 -2.137053 -0.010609 0.012528 0.102586 0.994589
1317386441.363605 11.359783 75.874350 -2.150584 -0.013859 0.012917 0.096493 0.995153
1317386441.467355 12.028049 75.989320 -2.158299 -0.013061 0.012767 0.090264 0.995750
1317386441.571109 12.700969 76.082568 -2.181441 -0.012645 0.012478 0.083592 0.996342
1317386441.674855 13.394658 76.199689 -2.208531 -0.012364 0.012894 0.076267 0.996927
1317386441.778604 14.094020 76.312844 -2.217564 -0.013244 0.013352 0.068990 0.997440
1317386441.882482 14.812267 76.445440 -2.225828 -0.014005 0.012572 0.062030 0.997897
1317386441.986230 15.525444 76.537393 -2.231634 -0.013984 0.010934 0.056723 0.998232
1317386442.090107 16.262147 76.607571 -2.253006 -0.012339 0.006857 0.052399 0.998526
1317386442.193854 17.018309 76.665909 -2.297088 -0.014866 0.005478 0.047485 0.998746
1317386442.297606 17.784082 76.738676 -2.306345 -0.017200 0.007731 0.043572 0.998872
1317386442.401486 18.576942 76.813702 -2.280565 -0.020970 0.012760 0.041643 0.998831
1317386442.505232 19.369956 76.884156 -2.258771 -0.022591 0.015703 0.039195 0.998853
1317386442.608983 20.128458 76.960895 -2.279677 -0.018788 0.015753 0.037568 0.998993
1317386442.712731 20.900292 77.020598 -2.322267 -0.018431 0.014844 0.035582 0.999087
1317386442.816608 21.649492 77.083173 -2.352001 -0.018795 0.014963 0.034725 0.999108
1317386442.920357 22.414330 77.131013 -2.365693 -0.018240 0.016767 0.032771 0.999156
1317386443.024237 23.167174 77.188906 -2.352192 -0.016669 0.018108 0.030844 0.999221
1317386443.127979 23.939286 77.241311 -2.361206 -0.016972 0.017902 0.029063 0.999273
1317386443.231857 24.721495 77.298835 -2.392383 -0.014811 0.014040 0.028651 0.999381
1317386443.335728 25.475165 77.350419 -2.434282 -0.015194 0.009656 0.028252 0.999439
1317386443.439478 26.244488 77.394339 -2.454494 -0.016041 0.006649 0.027305 0.999476
1317386443.543352 27.001758 77.433880 -2.454662 -0.018428 0.007461 0.027010 0.999437
1317386443.647229 27.759794 77.493876 -2.437605 -0.020188 0.009752 0.025651 0.999420
1317386443.751103 28.511120 77.544519 -2.427674 -0.022724 0.012891 0.024477 0.999359
1317386443.854855 29.266977 77.593927 -2.431909 -0.022072 0.014258 0.023323 0.999383
1317386443.958728 30.013944 77.626562 -2.457755 -0.019851 0.014110 0.021989 0.999462
1317386444.062604 30.759380 77.655760 -2.478087 -0.017616 0.013952 0.021854 0.999509
1317386444.166478 31.504193 77.680206 -2.495004 -0.018015 0.013875 0.021091 0.999519
1317386444.270230 32.269104 77.724478 -2.504072 -0.017661 0.012535 0.020740 0.999550
1317386444.374104 33.032660 77.758278 -2.510159 -0.016790 0.012394 0.020442 0.999573
1317386444.477980 33.819947 77.799543 -2.517727 -0.018232 0.013453 0.020159 0.999540
1317386444.581855 34.597277 77.848053 -2.529331 -0.016034 0.013224 0.019888 0.999586
1317386444.685728 35.382629 77.880229 -2.545826 -0.015615 0.013047 0.020264 0.999588
1317386444.789604 36.174797 77.907974 -2.565601 -0.015585 0.012876 0.021479 0.999565
1317386444.893357 36.957084 77.949220 -2.585937 -0.015327 0.013343 0.023059 0.999528
1317386444.997228 37.755972 78.001282 -2.593971 -0.016072 0.013599 0.024727 0.999473
1317386445.101105 38.570694 78.056154 -2.604813 -0.016412 0.011612 0.025936 0.999461
1317386445.204855 39.392645 78.097992 -2.625668 -0.017590 0.008875 0.027202 0.999436
1317386445.308730 40.216489 78.142057 -2.648834 -0.017170 0.008226 0.028331 0.999417
1317386445.412604 41.041899 78.196082 -2.664558 -0.017252 0.008970 0.029252 0.999383
1317386445.516479 41.872955 78.254748 -2.663286 -0.017983 0.010210 0.030376 0.999325
1317386445.620358 42.720535 78.309600 -2.667506 -0.017426 0.010826 0.031740 0.999286
1317386445.724235 43.561384 78.363504 -2.683954 -0.017726 0.012243 0.032037 0.999254
1317386445.828236 44.394752 78.422709 -2.704708 -0.017617 0.014632 0.032518 0.999209
1317386445.932108 45.255890 78.488779 -2.718907 -0.017858 0.016834 0.032932 0.999156
1317386446.035983 46.120113 78.546479 -2.735976 -0.018161 0.016873 0.031600 0.999193
1317386446.139985 46.981828 78.611706 -2.761823 -0.018081 0.016493 0.030225 0.999243
1317386446.243860 47.837757 78.671525 -2.786866 -0.017516 0.014946 0.029513 0.999299
1317386446.347855 48.702664 78.723770 -2.807089 -0.015920 0.014091 0.028516 0.999367
1317386446.451734 49.578188 78.774089 -2.830827 -0.013949 0.013874 0.027537 0.999427
1317386446.555610 50.457999 78.819650 -2.848159 -0.015849 0.014608 0.027034 0.999402
1317386446.659610 51.338299 78.875483 -2.857398 -0.014163 0.016999 0.026270 0.999410
1317386446.763486 52.207108 78.925226 -2.861641 -0.013376 0.017579 0.026379 0.999408
1317386446.867359 53.075308 78.975477 -2.875700 -0.014730 0.016213 0.025513 0.999434
1317386446.971235 53.933186 79.035282 -2.899022 -0.014728 0.013293 0.025249 0.999484
1317386447.075356 54.800714 79.084939 -2.924890 -0.016128 0.010244 0.024766 0.999511
1317386447.179230 55.659549 79.134634 -2.943936 -0.018504 0.007014 0.024082 0.999514
1317386447.283231 56.515254 79.185780 -2.966691 -0.018199 0.005723 0.024005 0.999530
1317386447.387108 57.366755 79.229794 -2.979254 -0.019323 0.008281 0.023851 0.999494
1317386447.490982 58.218674 79.270345 -2.962156 -0.020430 0.014229 0.023854 0.999405
1317386447.594980 59.066354 79.316980 -2.925863 -0.022831 0.019093 0.024392 0.999259
1317386447.698859 59.898940 79.359471 -2.919663 -0.021645 0.018504 0.025717 0.999264
1317386447.802734 60.730937 79.395946 -2.964670 -0.016702 0.015248 0.026946 0.999381
1317386447.906859 61.557034 79.443794 -3.015977 -0.014643 0.014841 0.027980 0.999391
1317386448.010733 62.395094 79.495203 -3.043580 -0.015775 0.014026 0.029593 0.999339
1317386448.114611 63.216062 79.546772 -3.038401 -0.017977 0.012075 0.031431 0.999271
1317386448.218483 64.014895 79.604329 -3.038482 -0.018638 0.010562 0.033441 0.999211
1317386448.322482 64.825406 79.664048 -3.051289 -0.018729 0.008236 0.035474 0.999161
1317386448.426481 65.641632 79.738711 -3.070332 -0.020765 0.008479 0.036723 0.999074
1317386448.530356 66.432453 79.806617 -3.085590 -0.021922 0.008563 0.038499 0.998981
1317386448.634357 67.237214 79.876620 -3.094143 -0.024623 0.011698 0.040601 0.998803
1317386448.738238 68.043693 79.939819 -3.086368 -0.026454 0.015277 0.042677 0.998622
1317386448.842108 68.838883 80.006342 -3.084009 -0.026618 0.016804 0.045000 0.998491
1317386448.946107 69.625124 80.083743 -3.103352 -0.026514 0.017687 0.048388 0.998320
1317386449.050107 70.414311 80.168931 -3.119027 -0.026564 0.018960 0.051337 0.998148
1317386449.153983 71.202255 80.251071 -3.144190 -0.024419 0.019738 0.054822 0.998002
1317386449.257859 71.987675 80.338654 -3.174132 -0.025223 0.019238 0.058039 0.997810
1317386449.361857 72.756523 80.445196 -3.195777 -0.025807 0.017984 0.060503 0.997672
1317386449.465734 73.505023 80.549223 -3.215070 -0.025392 0.016177 0.063531 0.997526
1317386449.569732 74.261070 80.644390 -3.235426 -0.025679 0.015349 0.066295 0.997351
1317386449.673608 75.021543 80.754403 -3.264169 -0.026180 0.016967 0.068585 0.997157
1317386449.777607 75.782851 80.872964 -3.298315 -0.027195 0.019700 0.071325 0.996888
1317386449.881487 76.541196 80.987030 -3.307456 -0.026361 0.021478 0.074787 0.996620
1317386449.985482 77.286516 81.102908 -3.313463 -0.024806 0.020525 0.078169 0.996420
1317386450.089359 78.031097 81.219741 -3.338106 -0.022531 0.017057 0.082052 0.996227
1317386450.193234 78.789379 81.351469 -3.376802 -0.021237 0.014884 0.086920 0.995878
1317386450.297108 79.530643 81.484065 -3.413519 -0.024023 0.016288 0.092208 0.995317
1317386450.400985 80.280567 81.618824 -3.438440 -0.026936 0.018567 0.098705 0.994579
1317386450.504860 81.005509 81.764329 -3.458871 -0.027777 0.022933 0.104611 0.993861
1317386450.608735 81.736240 81.928594 -3.465674 -0.024126 0.026064 0.110218 0.993273
1317386450.712609 82.452327 82.103781 -3.472657 -0.023307 0.025031 0.115923 0.992669
1317386450.816484 83.153060 82.277526 -3.497591 -0.022012 0.020069 0.122026 0.992080
1317386450.920359 83.865697 82.462162 -3.549247 -0.020096 0.016698 0.127959 0.991435
1317386451.024235 84.608464 82.653261 -3.611308 -0.023691 0.017665 0.134686 0.990448
1317386451.128110 85.358503 82.859269 -3.655469 -0.025678 0.022048 0.140598 0.989488
1317386451.231986 86.093472 83.088745 -3.664687 -0.025172 0.025503 0.146303 0.988591
1317386451.335885 86.825171 83.324909 -3.663669 -0.020028 0.026172 0.152739 0.987717
1317386451.439867 87.544881 83.555277 -3.683849 -0.020128 0.023154 0.159083 0.986788
1317386451.543735 88.243029 83.798202 -3.727177 -0.015982 0.020323 0.164065 0.986111
1317386451.647611 88.924946 84.042240 -3.770281 -0.015149 0.017638 0.167691 0.985565
1317386451.751610 89.644054 84.300686 -3.810368 -0.014409 0.016720 0.171809 0.984883
1317386451.855608 90.366509 84.566390 -3.836361 -0.018135 0.016354 0.175887 0.984108
1317386451.959482 91.072399 84.833399 -3.853104 -0.020393 0.016865 0.180005 0.983310
1317386452.063360 91.783994 85.098611 -3.881598 -0.021247 0.019642 0.184028 0.982495
1317386452.167361 92.510991 85.378481 -3.921523 -0.020984 0.023799 0.188133 0.981631
1317386452.271237 93.227516 85.674840 -3.951873 -0.024818 0.027700 0.191046 0.980876
1317386452.375237 93.932157 85.995187 -3.956469 -0.026587 0.027310 0.194186 0.980224
1317386452.479243 94.633841 86.305567 -3.985779 -0.025995 0.022098 0.197383 0.979733
1317386452.583233 95.329683 86.591512 -4.039407 -0.019787 0.018947 0.199788 0.979456
1317386452.687234 96.027323 86.883556 -4.097499 -0.020325 0.018347 0.202334 0.978934
1317386452.791110 96.744401 87.195771 -4.138203 -0.026994 0.019604 0.204321 0.978335
1317386452.895117 97.454070 87.516748 -4.151142 -0.027878 0.022546 0.207036 0.977676
1317386452.998986 98.168281 87.842125 -4.152815 -0.024889 0.023189 0.210170 0.977073
1317386453.102861 98.876370 88.164401 -4.183860 -0.022432 0.020201 0.212737 0.976643
1317386453.206860 99.568965 88.498198 -4.233926 -0.019410 0.016679 0.215094 0.976258
1317386453.310735 100.252607 88.822612 -4.287126 -0.022383 0.014875 0.218054 0.975567
1317386453.414736 100.947471 89.153095 -4.316314 -0.027109 0.016392 0.220439 0.974886
1317386453.518614 101.637906 89.486264 -4.323372 -0.028091 0.018154 0.222288 0.974407
1317386453.622519 102.337466 89.833018 -4.341760 -0.026971 0.018852 0.224874 0.973832
1317386453.726360 103.037808 90.179544 -4.366291 -0.026233 0.018759 0.227558 0.973230
1317386453.830362 103.737239 90.529527 -4.402646 -0.024719 0.018706 0.229649 0.972780
1317386453.934239 104.420786 90.881208 -4.437505 -0.023806 0.019436 0.231898 0.972254
1317386454.038236 105.081784 91.226687 -4.464261 -0.025013 0.019383 0.233914 0.971742
1317386454.142112 105.744077 91.574008 -4.484658 -0.024704 0.019926 0.236425 0.971131
1317386454.245986 106.413460 91.929439 -4.499272 -0.023598 0.018440 0.239144 0.970522
1317386454.349986 107.085808 92.283499 -4.525992 -0.022469 0.015995 0.241554 0.969995
1317386454.453861 107.747622 92.643071 -4.562463 -0.021643 0.014863 0.243665 0.969504
1317386454.557862 108.384723 92.993559 -4.608445 -0.022975 0.015256 0.245528 0.968997
1317386454.661739 109.017784 93.341882 -4.639097 -0.026939 0.019017 0.247418 0.968348
1317386454.765735 109.647629 93.687481 -4.644743 -0.028237 0.024052 0.248843 0.967833
1317386454.869615 110.280669 94.042464 -4.639523 -0.026600 0.027979 0.250077 0.967456
1317386454.973611 110.889598 94.389582 -4.652557 -0.021728 0.029250 0.251943 0.967056
1317386455.077487 111.469636 94.723580 -4.692868 -0.018795 0.028349 0.253531 0.966729
1317386455.181360 112.037773 95.062243 -4.745296 -0.016987 0.027012 0.255340 0.966325
1317386455.285360 112.600305 95.375473 -4.787095 -0.017318 0.026274 0.256870 0.965934
1317386455.389238 113.148632 95.680718 -4.811731 -0.016660 0.026092 0.257831 0.965694
1317386455.493112 113.671231 95.981938 -4.839629 -0.017203 0.026770 0.259018 0.965348
1317386455.597112 114.171992 96.278144 -4.855468 -0.017862 0.027263 0.260078 0.965037
1317386455.700987 114.649182 96.563353 -4.874345 -0.016678 0.028311 0.261140 0.964742
1317386455.804861 115.107944 96.826960 -4.895539 -0.016064 0.028605 0.262646 0.964334
1317386455.908738 115.537217 97.076874 -4.914666 -0.015753 0.028491 0.263545 0.964097
1317386456.012738 115.946721 97.323473 -4.936987 -0.014136 0.027489 0.264353 0.963931
1317386456.116610 116.345818 97.570876 -4.961923 -0.014178 0.025220 0.265825 0.963587
1317386456.220363 116.731196 97.802643 -4.988299 -0.012494 0.023739 0.267584 0.963161
1317386456.324238 117.105411 98.029662 -4.999570 -0.011440 0.024002 0.270283 0.962414
1317386456.428111 117.468114 98.237779 -5.017270 -0.011459 0.025490 0.273067 0.961589
1317386456.531987 117.811203 98.452364 -5.038804 -0.014143 0.025746 0.276141 0.960668
1317386456.635862 118.124609 98.675760 -5.057939 -0.016559 0.027107 0.280019 0.959469
1317386456.739614 118.410494 98.862654 -5.063003 -0.020077 0.029903 0.282580 0.958567
1317386456.843489 118.671023 99.035295 -5.062343 -0.019437 0.032612 0.286337 0.957377
1317386456.947239 118.905751 99.191186 -5.065445 -0.017282 0.033732 0.290641 0.956081
1317386457.051115 119.130563 99.337597 -5.088830 -0.014916 0.034733 0.295412 0.954622
1317386457.154741 119.345456 99.468076 -5.109020 -0.013203 0.035766 0.301594 0.952674
1317386457.258488 119.562888 99.608923 -5.126053 -0.013074 0.036573 0.308910 0.950298
1317386457.362116 119.769601 99.763219 -5.138432 -0.013607 0.036460 0.318213 0.947220
1317386457.465863 119.955148 99.915982 -5.138985 -0.013368 0.035683 0.328313 0.943800
1317386457.569490 120.113707 100.070182 -5.152184 -0.012285 0.033761 0.338847 0.940155
1317386457.673239 120.254555 100.194492 -5.169313 -0.010856 0.031278 0.348970 0.936549
1317386457.776988 120.394186 100.319279 -5.189661 -0.011515 0.029357 0.359313 0.932684
1317386457.880738 120.510557 100.434860 -5.211580 -0.014354 0.027175 0.368800 0.929000
1317386457.984489 120.634507 100.570104 -5.223104 -0.016709 0.025682 0.379591 0.924647
1317386458.088115 120.766019 100.718662 -5.233367 -0.014463 0.026841 0.390991 0.919889
1317386458.191866 120.932140 100.873808 -5.251732 -0.012925 0.028565 0.402641 0.914821
1317386458.295622 121.085396 101.008637 -5.269709 -0.012551 0.029787 0.414747 0.909363
1317386458.399239 121.246920 101.159984 -5.288533 -0.014875 0.030865 0.427848 0.903201
1317386458.502989 121.369770 101.309746 -5.294837 -0.016898 0.031856 0.441141 0.896713
1317386458.606738 121.471574 101.464432 -5.296135 -0.017783 0.032790 0.454651 0.889888
1317386458.710364 121.558930 101.621607 -5.305179 -0.018764 0.033329 0.468163 0.882814
1317386458.814116 121.639160 101.783578 -5.315631 -0.021324 0.033177 0.481533 0.875540
1317386458.917988 121.731316 101.939781 -5.320352 -0.022955 0.034008 0.494883 0.867991
1317386459.021616 121.831224 102.123855 -5.323752 -0.022430 0.034432 0.509223 0.859653
1317386459.125365 121.943578 102.316360 -5.331179 -0.020503 0.033766 0.524167 0.850699
1317386459.229115 122.051784 102.529810 -5.346349 -0.019123 0.032321 0.540050 0.840795
1317386459.332740 122.145976 102.756856 -5.373370 -0.017370 0.031457 0.556845 0.829839
1317386459.436363 122.233506 103.006180 -5.402305 -0.016542 0.031360 0.574819 0.817512
1317386459.539989 122.310328 103.270652 -5.425974 -0.015618 0.031452 0.592931 0.804487
1317386459.643741 122.378031 103.556051 -5.443096 -0.014018 0.031167 0.612105 0.790038
1317386459.747365 122.454389 103.843408 -5.465541 -0.012418 0.030961 0.631359 0.774773
1317386459.851117 122.517499 104.151293 -5.490111 -0.011720 0.031019 0.650732 0.758583
1317386459.954741 122.553146 104.505316 -5.515413 -0.011422 0.031994 0.670699 0.740951
1317386460.058488 122.582658 104.858470 -5.535800 -0.010563 0.034031 0.690359 0.722589
1317386460.162239 122.605056 105.215538 -5.557300 -0.009291 0.036593 0.709343 0.703851
1317386460.265990 122.603292 105.579045 -5.572618 -0.008047 0.038509 0.728213 0.684221
1317386460.369742 122.577106 105.977452 -5.593354 -0.006707 0.040587 0.746641 0.663954
1317386460.473492 122.539410 106.382832 -5.616670 -0.006034 0.041789 0.764042 0.643784
1317386460.577365 122.477618 106.809341 -5.638104 -0.005033 0.042955 0.780429 0.623747
1317386460.681246 122.381288 107.240753 -5.660925 -0.003045 0.044883 0.795903 0.603750
1317386460.784992 122.268888 107.679431 -5.689039 -0.000749 0.046641 0.810767 0.583508
1317386460.888864 122.112624 108.123466 -5.714143 0.001134 0.048697 0.824528 0.563720
1317386460.992869 121.921074 108.581585 -5.738418 0.002475 0.050238 0.837492 0.544130
1317386461.096742 121.708579 109.068075 -5.765363 0.003854 0.051541 0.849309 0.525359
1317386461.200742 121.475626 109.541150 -5.790630 0.004246 0.051179 0.859538 0.508485
1317386461.304991 121.222427 110.000167 -5.811552 0.004423 0.051289 0.867782 0.494271
1317386461.409116 120.972410 110.453157 -5.832113 0.004680 0.050365 0.874087 0.483129
1317386461.513367 120.694928 110.910873 -5.853671 0.004820 0.049092 0.878919 0.474413
1317386461.617620 120.369292 111.372901 -5.873000 0.004590 0.048226 0.882204 0.468369
1317386461.721991 120.023315 111.834677 -5.887410 0.004682 0.049226 0.884489 0.463933
1317386461.826245 119.656843 112.331723 -5.906135 0.004993 0.049719 0.887010 0.459038
1317386461.930490 119.272313 112.855363 -5.927961 0.004735 0.050618 0.889128 0.454826
1317386462.034746 118.862889 113.424418 -5.950498 0.004542 0.051160 0.891079 0.450932
1317386462.138994 118.431133 114.003517 -5.971655 0.004138 0.050284 0.892468 0.448280
1317386462.243245 117.997773 114.608212 -5.997134 0.003880 0.050269 0.893854 0.445514
1317386462.347370 117.553621 115.203345 -6.020598 0.004077 0.051054 0.894832 0.443456
1317386462.451621 117.108266 115.766284 -6.044848 0.004366 0.051904 0.895020 0.442974
1317386462.555744 116.676385 116.341215 -6.069581 0.004130 0.051886 0.895152 0.442711
1317386462.659869 116.218599 116.954475 -6.094903 0.004273 0.051926 0.895146 0.442717
1317386462.764116 115.707795 117.613833 -6.118735 0.004730 0.052231 0.895729 0.441496
1317386462.868122 115.202080 118.263032 -6.147855 0.005565 0.052244 0.895566 0.441816
1317386462.972242 114.673826 118.943331 -6.178072 0.005812 0.053111 0.895865 0.441103
1317386463.076365 114.131889 119.631540 -6.206190 0.004241 0.052500 0.896559 0.439782
1317386463.180492 113.613178 120.309189 -6.226742 0.002472 0.052475 0.896546 0.439825
1317386463.284495 113.085570 120.985302 -6.250828 0.002328 0.052896 0.896804 0.439249
1317386463.388617 112.548094 121.670185 -6.283794 0.003614 0.052911 0.896901 0.439040
1317386463.492616 111.999051 122.360902 -6.320643 0.005417 0.053806 0.896970 0.438772
1317386463.596619 111.438683 123.063892 -6.357184 0.005570 0.054005 0.897363 0.437940
1317386463.700618 110.862779 123.796695 -6.381607 0.005747 0.054599 0.897554 0.437473
1317386463.804617 110.278361 124.536463 -6.406296 0.006653 0.054181 0.897978 0.436642
1317386463.908619 109.692125 125.276595 -6.439705 0.008220 0.053372 0.898383 0.435880
1317386464.012616 109.092776 126.030353 -6.479441 0.010556 0.052364 0.898593 0.435520
1317386464.116494 108.494797 126.791290 -6.505407 0.009727 0.049898 0.898591 0.435833
1317386464.220495 107.874553 127.554274 -6.516883 0.008474 0.049409 0.898489 0.436125
1317386464.324492 107.245867 128.341318 -6.523808 0.006262 0.048881 0.898590 0.436012
1317386464.428367 106.619348 129.122248 -6.541174 0.005577 0.050445 0.898417 0.436200
1317386464.532368 105.993144 129.908536 -6.568828 0.004884 0.051764 0.898592 0.435695
1317386464.636246 105.361704 130.694968 -6.596529 0.004955 0.053227 0.898648 0.435402
1317386464.740244 104.733981 131.476736 -6.617154 0.004735 0.053279 0.898732 0.435223
1317386464.844119 104.120879 132.245759 -6.641119 0.004355 0.052733 0.898837 0.435077
1317386464.948005 103.521130 133.010544 -6.666133 0.003944 0.052941 0.898742 0.435252
1317386465.052004 102.889486 133.796676 -6.695393 0.002715 0.052687 0.898844 0.435081
1317386465.155868 102.260776 134.584134 -6.722370 0.002242 0.053455 0.898977 0.434715
1317386465.259866 101.645133 135.355844 -6.749916 0.002256 0.053402 0.899080 0.434510
1317386465.363756 101.044680 136.100818 -6.778106 0.002919 0.053681 0.899242 0.434135
1317386465.467631 100.430856 136.864759 -6.810651 0.003502 0.053952 0.899581 0.433395
1317386465.571614 99.815938 137.631252 -6.836888 0.003179 0.053817 0.899802 0.432956
1317386465.675501 99.199801 138.391187 -6.860393 0.003161 0.053499 0.900094 0.432388
1317386465.779365 98.585201 139.144654 -6.888043 0.003221 0.053546 0.900261 0.432033
1317386465.883252 97.965334 139.915380 -6.921833 0.003541 0.052438 0.900437 0.431800
1317386465.987125 97.358734 140.671069 -6.947649 0.003432 0.052149 0.900452 0.431804
1317386466.090994 96.745085 141.438587 -6.976725 0.002467 0.050924 0.900586 0.431677
1317386466.195000 96.121665 142.204078 -6.994792 0.001751 0.050557 0.900379 0.432156
1317386466.298877 95.489338 142.978398 -7.021798 0.002087 0.049677 0.900205 0.432618
1317386466.402784 94.868628 143.741035 -7.057798 0.002573 0.049044 0.899803 0.433524
1317386466.506752 94.243274 144.512475 -7.091815 0.002278 0.048512 0.899505 0.434202
1317386466.610623 93.631040 145.285282 -7.114088 0.001852 0.049481 0.899049 0.435039
1317386466.714502 93.021557 146.046229 -7.133405 0.000173 0.050672 0.898754 0.435514
1317386466.818376 92.432747 146.784529 -7.153178 -0.002333 0.054035 0.898441 0.435751
1317386466.922249 91.837414 147.539021 -7.181046 -0.003986 0.056469 0.898217 0.435892
1317386467.026119 91.228622 148.307572 -7.225117 -0.001882 0.056445 0.897990 0.436377
1317386467.129869 90.607188 149.087030 -7.279365 0.001212 0.055558 0.898137 0.436190
1317386467.233756 89.980832 149.864631 -7.320348 0.002072 0.054646 0.898152 0.436270
1317386467.337494 89.351914 150.639260 -7.346638 0.000060 0.054573 0.898335 0.435907
1317386467.441380 88.727241 151.417113 -7.367202 -0.000916 0.056128 0.898315 0.435752
1317386467.545132 88.123602 152.179155 -7.403228 -0.000410 0.056282 0.898421 0.435514
1317386467.649005 87.521113 152.938434 -7.449854 0.001272 0.056344 0.898584 0.435167
1317386467.752753 86.912253 153.702069 -7.487977 0.000887 0.056182 0.898860 0.434619
1317386467.856506 86.303738 154.467285 -7.514968 -0.000984 0.056482 0.899062 0.434163
1317386467.960370 85.701358 155.216291 -7.542269 -0.002872 0.057777 0.899136 0.433830
1317386468.064121 85.088263 155.975449 -7.580159 -0.002631 0.059338 0.899131 0.433632
1317386468.167882 84.491503 156.715657 -7.621657 -0.001595 0.060085 0.899233 0.433321
1317386468.271627 83.881486 157.461404 -7.665139 -0.000487 0.059953 0.899546 0.432692
1317386468.375533 83.262860 158.232963 -7.704836 -0.000549 0.059053 0.899702 0.432491
1317386468.479254 82.668335 158.964405 -7.738405 -0.000758 0.057966 0.899316 0.433440
1317386468.583125 82.071239 159.690172 -7.771772 -0.001285 0.056544 0.899406 0.433440
1317386468.686883 81.488572 160.411831 -7.806338 -0.001401 0.056407 0.899281 0.433717
1317386468.790757 80.906783 161.150984 -7.843442 -0.002043 0.055349 0.899275 0.433862
1317386468.894624 80.323031 161.873150 -7.878762 -0.001941 0.056057 0.898988 0.434367
1317386468.998372 79.741166 162.587730 -7.915656 -0.001429 0.055972 0.898820 0.434727
1317386469.102272 79.150598 163.305745 -7.951368 -0.000754 0.055395 0.898680 0.435092
1317386469.206117 78.575027 164.036939 -7.986549 -0.000484 0.055349 0.898750 0.434954
1317386469.309868 78.012036 164.747309 -8.021125 -0.000643 0.056206 0.898515 0.435328
1317386469.413754 77.446069 165.461783 -8.051325 -0.000627 0.058246 0.898279 0.435547
1317386469.517617 76.880946 166.174439 -8.082882 -0.000439 0.057536 0.898316 0.435566
1317386469.621504 76.327552 166.883273 -8.115204 0.001305 0.056899 0.898196 0.435894
1317386469.725379 75.764634 167.592711 -8.159649 0.003444 0.057035 0.897914 0.436446
1317386469.829129 75.199433 168.288300 -8.190260 0.002669 0.056315 0.897806 0.436767
1317386469.932998 74.631576 168.979989 -8.202961 0.000892 0.055497 0.897697 0.437103
1317386470.036878 74.070944 169.671440 -8.216529 0.000798 0.056370 0.897714 0.436957
1317386470.140640 73.529580 170.356790 -8.250347 0.000901 0.055596 0.897741 0.437000
1317386470.244512 72.999831 171.049894 -8.284887 0.001806 0.056696 0.897700 0.436940
1317386470.348385 72.472239 171.722902 -8.310191 0.001533 0.056586 0.897684 0.436988
1317386470.452139 71.945718 172.383260 -8.334988 0.001350 0.056149 0.897725 0.436962
1317386470.556008 71.439982 173.017265 -8.354142 0.001049 0.055844 0.897698 0.437058
1317386470.659877 70.942602 173.649065 -8.374263 0.000723 0.056298 0.897666 0.437065
1317386470.763629 70.448852 174.270505 -8.399605 -0.000088 0.056878 0.897729 0.436861
1317386470.867500 69.944547 174.898499 -8.425025 -0.001225 0.057599 0.897835 0.436546
1317386470.971383 69.461311 175.503092 -8.447526 -0.001634 0.058709 0.897745 0.436583
1317386471.075247 69.007284 176.093016 -8.472170 -0.001824 0.059605 0.897788 0.436372
1317386471.178996 68.536360 176.680249 -8.503229 -0.001864 0.060406 0.897901 0.436030
1317386471.282916 68.074172 177.271564 -8.532414 -0.001491 0.061789 0.897977 0.435681
1317386471.386755 67.617471 177.846469 -8.555464 -0.001648 0.061820 0.898270 0.435070
1317386471.490759 67.185103 178.390008 -8.579280 -0.001613 0.062057 0.898415 0.434737
1317386471.594507 66.752488 178.924402 -8.607096 -0.000691 0.062774 0.898837 0.433764
1317386471.698374 66.330135 179.454572 -8.640250 0.000796 0.063442 0.899711 0.431850
1317386471.802251 65.907219 179.964092 -8.670397 0.001757 0.064670 0.901130 0.428696
1317386471.906005 65.496344 180.454072 -8.692241 0.002828 0.066384 0.902907 0.424669
1317386472.009752 65.096487 180.921048 -8.708407 0.003082 0.066955 0.905668 0.418657
1317386472.113497 64.689928 181.406576 -8.724296 0.003565 0.068536 0.908178 0.412920
1317386472.217250 64.280094 181.875958 -8.747407 0.004066 0.069437 0.911229 0.405986
1317386472.321009 63.868983 182.322187 -8.768969 0.005191 0.071131 0.915119 0.396827
1317386472.424626 63.451837 182.750444 -8.789890 0.006410 0.072734 0.919388 0.386515
1317386472.528252 63.030724 183.159663 -8.808033 0.007233 0.074025 0.924215 0.374558
1317386472.631886 62.615788 183.551504 -8.824608 0.006347 0.073067 0.929558 0.361308
1317386472.735641 62.194554 183.924614 -8.837068 0.005145 0.071169 0.935191 0.346880
1317386472.839253 61.776931 184.277833 -8.843214 0.004649 0.069896 0.941101 0.330789
1317386472.942881 61.375124 184.595912 -8.848164 0.004655 0.068716 0.947040 0.313641
1317386473.046506 60.970076 184.904781 -8.852723 0.004628 0.068446 0.953147 0.294627
1317386473.150133 60.557624 185.188462 -8.870398 0.004241 0.067847 0.959459 0.273527
1317386473.253755 60.140796 185.438894 -8.886724 0.004446 0.063599 0.965943 0.250777
1317386473.357508 59.699862 185.653327 -8.889570 0.004706 0.057914 0.971953 0.227886
1317386473.461255 59.243773 185.850557 -8.882423 0.005747 0.052011 0.977421 0.204720
1317386473.564884 58.786084 186.038587 -8.872380 0.007378 0.048314 0.982066 0.182093
1317386473.668630 58.337217 186.224148 -8.869899 0.010092 0.046328 0.986356 0.157649
1317386473.772384 57.861223 186.383779 -8.878799 0.010833 0.046040 0.990111 0.132070
1317386473.876132 57.416412 186.519559 -8.876737 0.010911 0.045689 0.993141 0.107068
1317386473.979886 56.968437 186.600393 -8.871205 0.009577 0.043211 0.995677 0.081659
1317386474.083754 56.504563 186.637100 -8.853991 0.006433 0.036567 0.997738 0.056037
1317386474.187506 56.027313 186.673762 -8.815729 0.005038 0.032240 0.999018 0.029964
1317386474.291250 55.550215 186.696866 -8.790946 0.006466 0.034413 0.999379 0.003987
1317386474.395123 55.092233 186.710681 -8.784573 0.009069 0.040103 0.998898 -0.022644
1317386474.498882 54.638586 186.711939 -8.780752 0.011014 0.041751 0.997859 -0.049131
1317386474.602748 54.200064 186.669940 -8.768748 0.012076 0.042359 0.996272 -0.074177
1317386474.706620 53.774325 186.597743 -8.751335 0.013558 0.040811 0.994082 -0.099756
1317386474.810373 53.352458 186.482182 -8.730311 0.015443 0.040775 0.991272 -0.124415
1317386474.914246 52.927911 186.369440 -8.712968 0.016221 0.041692 0.987540 -0.150873
1317386475.018122 52.489484 186.257253 -8.705066 0.016614 0.044757 0.983386 -0.175139
1317386475.122121 52.047828 186.117069 -8.690230 0.016250 0.041275 0.979407 -0.196963
1317386475.226122 51.623808 185.943515 -8.654546 0.014543 0.037845 0.975102 -0.218018
1317386475.330122 51.187221 185.771032 -8.612008 0.012582 0.037550 0.970729 -0.236889
1317386475.434373 50.767822 185.552358 -8.579622 0.011194 0.039482 0.966699 -0.252605
1317386475.538496 50.369908 185.328451 -8.560244 0.010724 0.040066 0.962589 -0.267774
1317386475.642748 49.962022 185.101372 -8.545146 0.010676 0.038970 0.959025 -0.280425
1317386475.747000 49.550688 184.855112 -8.517802 0.011081 0.038002 0.956337 -0.289574
1317386475.851250 49.131124 184.575890 -8.480344 0.012062 0.037043 0.953962 -0.297388
1317386475.955626 48.723992 184.277999 -8.443496 0.012322 0.036855 0.952171 -0.303086
1317386476.060000 48.316427 183.966022 -8.416908 0.013479 0.034851 0.950629 -0.308073
1317386476.164379 47.930563 183.672412 -8.395756 0.014443 0.034585 0.949639 -0.311098
1317386476.268625 47.527022 183.374172 -8.373892 0.015792 0.035130 0.948630 -0.314033
1317386476.373001 47.107820 183.071953 -8.348147 0.015856 0.035498 0.947607 -0.317065
1317386476.477248 46.662236 182.759311 -8.317125 0.015211 0.037374 0.946857 -0.319114
1317386476.581627 46.230280 182.423400 -8.285541 0.016134 0.036301 0.946584 -0.320001
1317386476.685874 45.807631 182.058669 -8.251252 0.017348 0.034627 0.946514 -0.320330
1317386476.790126 45.378057 181.686027 -8.217674 0.018582 0.031848 0.946266 -0.321279
1317386476.894375 44.922780 181.341862 -8.183105 0.017735 0.032339 0.946450 -0.320736
1317386476.998499 44.429826 180.986966 -8.149545 0.016532 0.035470 0.946256 -0.321041
1317386477.102748 43.904632 180.605208 -8.116379 0.016513 0.036578 0.946052 -0.321521
1317386477.206873 43.395693 180.220037 -8.078140 0.018667 0.034133 0.946531 -0.320259
1317386477.311000 42.878789 179.788787 -8.042071 0.022154 0.035372 0.946312 -0.320549
1317386477.415137 42.346591 179.365267 -8.009863 0.024968 0.036996 0.946434 -0.319799
1317386477.519251 41.805038 178.951617 -7.973635 0.025768 0.036152 0.946610 -0.319309
1317386477.623249 41.256248 178.559445 -7.924097 0.024770 0.033497 0.946745 -0.319278
1317386477.727374 40.673816 178.112215 -7.868298 0.024210 0.030252 0.947173 -0.318375
1317386477.831374 40.084726 177.655305 -7.805407 0.023889 0.026449 0.947172 -0.318740
1317386477.935374 39.471640 177.177759 -7.759272 0.024587 0.025624 0.947046 -0.319129
1317386478.039499 38.841013 176.693965 -7.722441 0.022796 0.025273 0.947048 -0.319284
1317386478.143502 38.211102 176.211166 -7.674239 0.021112 0.024380 0.947171 -0.319103
1317386478.247498 37.548825 175.694926 -7.613489 0.019915 0.023061 0.947212 -0.319157
1317386478.351499 36.891124 175.182927 -7.555280 0.020640 0.022935 0.947085 -0.319497
1317386478.455499 36.235623 174.670949 -7.512412 0.022284 0.025364 0.947053 -0.319296
1317386478.559500 35.563758 174.148175 -7.486837 0.022145 0.026699 0.946817 -0.319898
1317386478.663500 34.884230 173.640244 -7.445131 0.020644 0.023876 0.946960 -0.319797
1317386478.767498 34.192287 173.116137 -7.364549 0.018022 0.023319 0.947140 -0.319463
1317386478.871500 33.497240 172.587356 -7.297944 0.018027 0.024973 0.947018 -0.319700
1317386478.975503 32.794110 172.046201 -7.251652 0.018686 0.028029 0.946922 -0.319692
1317386479.079500 32.071711 171.492459 -7.220831 0.020601 0.031353 0.946732 -0.319831
1317386479.183375 31.320154 170.919517 -7.174915 0.021422 0.033040 0.946670 -0.319788
1317386479.287374 30.568625 170.340781 -7.113228 0.021888 0.032311 0.946936 -0.319045
1317386479.391375 29.815513 169.758037 -7.038067 0.021318 0.030067 0.947131 -0.318723
1317386479.495250 29.086196 169.191737 -6.964025 0.019684 0.028224 0.947431 -0.318106
1317386479.599250 28.365416 168.644366 -6.899171 0.018591 0.027798 0.947448 -0.318157
1317386479.703124 27.618322 168.078102 -6.841775 0.017789 0.029247 0.947416 -0.318168
1317386479.807126 26.875808 167.516875 -6.790679 0.016333 0.033810 0.947221 -0.318375
1317386479.911000 26.128137 166.949773 -6.733785 0.014172 0.033914 0.947470 -0.317725
1317386480.015001 25.371012 166.380826 -6.663824 0.010885 0.033234 0.947464 -0.317944
1317386480.118875 24.630487 165.825856 -6.601861 0.007199 0.034755 0.947584 -0.317530
1317386480.222750 23.883525 165.266675 -6.545413 0.005958 0.036965 0.947515 -0.317510
1317386480.326752 23.150979 164.702356 -6.509938 0.009344 0.039445 0.947367 -0.317574
1317386480.430636 22.398340 164.121164 -6.483691 0.014485 0.040328 0.947349 -0.317324
1317386480.534512 21.635520 163.548967 -6.434139 0.016298 0.042752 0.947368 -0.316859
1317386480.638387 20.882462 162.984195 -6.362873 0.015722 0.039782 0.947722 -0.316217
1317386480.742250 20.151644 162.436570 -6.284868 0.013915 0.037765 0.947977 -0.315784
1317386480.846129 19.439092 161.894375 -6.224951 0.012636 0.038824 0.947970 -0.315732
1317386480.950005 18.703660 161.348409 -6.172234 0.012166 0.037709 0.948545 -0.314153
1317386481.054019 17.975313 160.803185 -6.123156 0.012944 0.036196 0.949501 -0.311401
1317386481.158004 17.236622 160.256315 -6.063991 0.013053 0.034442 0.950975 -0.307066
1317386481.262002 16.498344 159.723953 -6.004109 0.013042 0.036051 0.952571 -0.301892
1317386481.366006 15.765761 159.200001 -5.951332 0.012825 0.036630 0.954802 -0.294697
1317386481.470177 15.023255 158.697444 -5.903732 0.011409 0.037437 0.957246 -0.286614
1317386481.574252 14.283755 158.215914 -5.853296 0.008542 0.038499 0.960058 -0.277007
1317386481.678375 13.516881 157.742275 -5.796570 0.007422 0.040018 0.963446 -0.264793
1317386481.782508 12.740396 157.278621 -5.750948 0.006598 0.043263 0.966903 -0.251363
1317386481.886767 11.949770 156.838910 -5.713609 0.006220 0.044746 0.970790 -0.235640
1317386481.991004 11.159400 156.427086 -5.673705 0.004453 0.048172 0.974552 -0.218879
1317386482.095263 10.387573 156.056285 -5.619757 0.003675 0.048484 0.978067 -0.202535
1317386482.199376 9.597881 155.713548 -5.586881 0.006595 0.052841 0.981065 -0.186215
1317386482.303638 8.815344 155.393692 -5.581303 0.012276 0.054714 0.983944 -0.169441
1317386482.407763 8.026418 155.110104 -5.575222 0.016285 0.054213 0.986640 -0.152763
1317386482.511921 7.223458 154.858794 -5.536414 0.017328 0.050558 0.989113 -0.137112
1317386482.615891 6.408084 154.631149 -5.444309 0.015800 0.048280 0.991174 -0.122452
1317386482.719881 5.583196 154.416327 -5.362378 0.016067 0.048857 0.992656 -0.109497
1317386482.823768 4.759022 154.245058 -5.328452 0.017117 0.050960 0.993636 -0.098984
1317386482.927629 3.915515 154.075316 -5.326608 0.016955 0.052433 0.994454 -0.089579
1317386483.031502 3.065567 153.925212 -5.284514 0.014160 0.048748 0.995478 -0.080292
1317386483.135383 2.177426 153.770681 -5.209894 0.011528 0.047859 0.996256 -0.071064
1317386483.239257 1.289041 153.632700 -5.163172 0.011671 0.048814 0.996762 -0.062825
1317386483.343131 0.395743 153.514346 -5.151501 0.013597 0.049270 0.997174 -0.055056
1317386483.446892 -0.510988 153.421687 -5.134159 0.015886 0.050344 0.997480 -0.047390
1317386483.550630 -1.408837 153.326774 -5.099427 0.015258 0.053310 0.997548 -0.042699
1317386483.654389 -2.329000 153.267346 -5.039053 0.010485 0.055283 0.997640 -0.039350
1317386483.758131 -3.265860 153.219713 -4.978128 0.004387 0.055050 0.997740 -0.038272
1317386483.861772 -4.204004 153.147224 -4.964875 0.002500 0.056064 0.997701 -0.038001
1317386483.965511 -5.152111 153.053867 -4.976440 0.004704 0.055151 0.997738 -0.038156
1317386484.069259 -6.121115 152.974194 -4.981620 0.006972 0.054348 0.997787 -0.037659
1317386484.172881 -7.109066 152.882000 -4.959277 0.008709 0.050205 0.997994 -0.037575
1317386484.276761 -8.102832 152.788026 -4.914974 0.009079 0.046392 0.998191 -0.037150
1317386484.380423 -9.075500 152.724846 -4.871709 0.008086 0.045149 0.998254 -0.037211
1317386484.484143 -10.068175 152.645041 -4.843913 0.006654 0.044791 0.998252 -0.037973
1317386484.588007 -11.091494 152.560073 -4.824867 0.006583 0.044669 0.998246 -0.038287
1317386484.691765 -12.119035 152.469862 -4.809765 0.006901 0.044441 0.998204 -0.039582
1317386484.795514 -13.151601 152.372076 -4.784200 0.007893 0.043469 0.998223 -0.039985
1317386484.899390 -14.181336 152.283662 -4.752853 0.008860 0.042607 0.998233 -0.040462
1317386485.003139 -15.209327 152.194986 -4.721391 0.009182 0.040663 0.998305 -0.040603
1317386485.107015 -16.248396 152.113665 -4.690115 0.009080 0.039278 0.998392 -0.039859
1317386485.210755 -17.292834 152.028582 -4.653645 0.009158 0.038807 0.998446 -0.038921
1317386485.314633 -18.336405 151.946536 -4.622255 0.008053 0.037994 0.998501 -0.038559
1317386485.418402 -19.392431 151.854987 -4.591822 0.008216 0.038790 0.998508 -0.037552
1317386485.522259 -20.445516 151.771456 -4.560196 0.007570 0.038249 0.998549 -0.037132
1317386485.626018 -21.492162 151.694413 -4.524210 0.006677 0.037710 0.998590 -0.036763
1317386485.729755 -22.533057 151.612766 -4.493306 0.005468 0.036450 0.998658 -0.036387
1317386485.833523 -23.584127 151.523903 -4.465082 0.005255 0.035880 0.998709 -0.035564
1317386485.937391 -24.640116 151.445260 -4.447328 0.006664 0.036747 0.998679 -0.035295
1317386486.041140 -25.682521 151.368183 -4.425100 0.007741 0.036973 0.998681 -0.034779
1317386486.144897 -26.731815 151.284924 -4.390279 0.007788 0.037060 0.998697 -0.034217
1317386486.248760 -27.786026 151.195576 -4.353790 0.006992 0.034775 0.998816 -0.033301
1317386486.352523 -28.830398 151.116171 -4.312501 0.005999 0.034983 0.998852 -0.032179
1317386486.456385 -29.866333 151.050774 -4.279446 0.005708 0.034059 0.998936 -0.030578
1317386486.560270 -30.895888 150.984315 -4.257895 0.006216 0.033288 0.998998 -0.029269
1317386486.664009 -31.929777 150.924183 -4.232538 0.006894 0.034151 0.999011 -0.027622
1317386486.767884 -32.965342 150.874502 -4.203823 0.006470 0.032378 0.999108 -0.026344
1317386486.871631 -33.993983 150.813666 -4.171109 0.005582 0.032075 0.999164 -0.024719
1317386486.975510 -35.027365 150.754992 -4.136581 0.004458 0.032106 0.999197 -0.023571
1317386487.079267 -36.053707 150.705341 -4.108920 0.004259 0.032454 0.999221 -0.022061
1317386487.183143 -37.073366 150.651169 -4.090710 0.004230 0.032291 0.999254 -0.020758
1317386487.286886 -38.057552 150.608032 -4.077327 0.004887 0.031427 0.999293 -0.020037
1317386487.390760 -39.070452 150.572406 -4.066370 0.005397 0.028774 0.999383 -0.019391
1317386487.494508 -40.087442 150.529350 -4.039400 0.004744 0.028117 0.999421 -0.018552
1317386487.598384 -41.097642 150.480884 -4.003573 0.004452 0.028848 0.999404 -0.018411
1317386487.702253 -42.107862 150.430128 -3.975176 0.006344 0.028405 0.999418 -0.017790
1317386487.806134 -43.117814 150.383404 -3.956682 0.008663 0.028686 0.999389 -0.018018
1317386487.910063 -44.131195 150.344661 -3.937798 0.009710 0.027239 0.999417 -0.018177
1317386488.013758 -45.127089 150.306689 -3.902740 0.009029 0.029345 0.999360 -0.018339
1317386488.117636 -46.102127 150.267203 -3.863505 0.008252 0.030027 0.999340 -0.018710
1317386488.221509 -47.095479 150.225002 -3.824415 0.007493 0.030056 0.999344 -0.018762
1317386488.325258 -48.078936 150.181743 -3.788618 0.006978 0.031123 0.999299 -0.019622
1317386488.429131 -49.075602 150.135868 -3.758790 0.006533 0.031943 0.999268 -0.020025
1317386488.533006 -50.058187 150.090922 -3.729477 0.006058 0.030841 0.999294 -0.020559
1317386488.636883 -51.033110 150.041732 -3.703521 0.006496 0.031933 0.999247 -0.021065
1317386488.740759 -52.006278 149.998196 -3.677830 0.007116 0.033900 0.999163 -0.021752
1317386488.844518 -52.966298 149.952147 -3.651584 0.007691 0.034374 0.999112 -0.023122
1317386488.948382 -53.939086 149.902492 -3.621225 0.007976 0.033473 0.999100 -0.024817
1317386489.052131 -54.892986 149.843916 -3.588136 0.008289 0.033122 0.999077 -0.026062
1317386489.156018 -55.837667 149.783719 -3.553991 0.008739 0.033460 0.999035 -0.027065
1317386489.259886 -56.782927 149.725032 -3.520960 0.008613 0.034373 0.998991 -0.027606
1317386489.363894 -57.728664 149.672384 -3.493230 0.007656 0.033681 0.999013 -0.027917
1317386489.467756 -58.665951 149.617567 -3.461745 0.006554 0.032630 0.999061 -0.027754
1317386489.571786 -59.586390 149.570710 -3.427743 0.005883 0.031409 0.999125 -0.027000
1317386489.675769 -60.474311 149.517483 -3.395652 0.005342 0.031320 0.999145 -0.026444
1317386489.779758 -61.360442 149.463968 -3.374436 0.005610 0.030298 0.999204 -0.025354
1317386489.883757 -62.227298 149.412064 -3.350944 0.005346 0.029756 0.999261 -0.023738
1317386489.987756 -63.091433 149.367158 -3.331106 0.005373 0.030411 0.999307 -0.020780
1317386490.091765 -63.933816 149.327960 -3.311154 0.005261 0.031400 0.999337 -0.017634
1317386490.195894 -64.745548 149.289776 -3.283850 0.004950 0.032408 0.999371 -0.013494
1317386490.299891 -65.530551 149.268053 -3.259081 0.004074 0.032670 0.999414 -0.009410
1317386490.403896 -66.290439 149.263012 -3.237406 0.003802 0.034504 0.999383 -0.005331
1317386490.507881 -67.026968 149.253149 -3.213897 0.003182 0.037531 0.999289 -0.001629
1317386490.611770 -67.743797 149.251235 -3.195732 0.002840 0.037351 0.999296 0.002196
1317386490.715769 -68.431174 149.244576 -3.178323 0.002668 0.038013 0.999258 0.005518
1317386490.819778 -69.097823 149.250860 -3.157741 0.002621 0.038000 0.999238 0.008470
1317386490.923760 -69.742135 149.263816 -3.142430 0.002790 0.038489 0.999189 0.011505
1317386491.027761 -70.358854 149.282061 -3.134692 0.002926 0.039396 0.999117 0.014323
1317386491.131635 -70.955469 149.295707 -3.125267 0.003375 0.040371 0.999036 0.016885
1317386491.235643 -71.520829 149.317127 -3.109238 0.002679 0.040461 0.998994 0.019127
1317386491.339644 -72.051044 149.339943 -3.087661 0.001084 0.040920 0.998937 0.021174
1317386491.443644 -72.556224 149.360935 -3.071651 0.000599 0.041408 0.998879 0.022932
1317386491.547519 -73.029097 149.383446 -3.059093 0.000187 0.041956 0.998815 0.024653
1317386491.651519 -73.462315 149.402424 -3.048090 -0.000226 0.042555 0.998758 0.025903
1317386491.755512 -73.851758 149.431735 -3.038238 -0.000432 0.044047 0.998671 0.026752
1317386491.859397 -74.192936 149.454147 -3.037145 -0.000776 0.045039 0.998614 0.027237
1317386491.963384 -74.500191 149.467948 -3.032606 -0.001391 0.044727 0.998621 0.027470
1317386492.067264 -74.773485 149.472017 -3.024537 -0.001772 0.044096 0.998652 0.027333
1317386492.171143 -75.041125 149.479108 -3.020476 -0.001495 0.043576 0.998691 0.026761
1317386492.275147 -75.296519 149.482381 -3.012566 -0.001043 0.042472 0.998766 0.025717
1317386492.379013 -75.530632 149.490308 -3.006829 -0.000886 0.041319 0.998846 0.024479
1317386492.482887 -75.728139 149.500806 -3.005588 -0.000467 0.041303 0.998878 0.023147
1317386492.586892 -75.917238 149.521201 -3.004750 0.000951 0.041229 0.998902 0.022235
1317386492.690896 -76.113406 149.539397 -3.007145 0.002018 0.041678 0.998911 0.020859
1317386492.794899 -76.312023 149.546690 -3.005190 0.002131 0.041918 0.998927 0.019585
1317386492.898774 -76.494410 149.550388 -3.004147 0.001417 0.041825 0.998955 0.018396
1317386493.002770 -76.656209 149.547307 -3.001415 0.001070 0.040671 0.999027 0.017005
1317386493.106638 -76.807607 149.545646 -2.998103 0.001431 0.039859 0.999081 0.015683
1317386493.210634 -76.950854 149.552725 -2.994191 0.002002 0.040108 0.999098 0.013836
1317386493.314511 -77.084938 149.564171 -2.992105 0.002373 0.040666 0.999104 0.011525
1317386493.418512 -77.220359 149.568059 -2.995342 0.002716 0.041192 0.999108 0.008898
1317386493.522428 -77.339963 149.566291 -2.994109 0.002535 0.040217 0.999172 0.005679
1317386493.626262 -77.450620 149.557521 -2.994417 0.002305 0.039254 0.999225 0.001678
1317386493.730263 -77.563097 149.557676 -2.994795 0.002751 0.038100 0.999267 -0.002338
1317386493.834260 -77.670425 149.559954 -2.988239 0.002357 0.037092 0.999292 -0.005919
1317386493.938136 -77.750431 149.563849 -2.982880 0.002112 0.036660 0.999283 -0.009267
1317386494.042262 -77.809828 149.565269 -2.982647 0.001971 0.036067 0.999279 -0.011667
1317386494.146277 -77.850463 149.557436 -2.986498 0.002364 0.036745 0.999230 -0.013580
1317386494.250289 -77.878247 149.553855 -2.987769 0.002567 0.036395 0.999216 -0.015382
1317386494.354400 -77.912948 149.553000 -2.984949 0.002650 0.036543 0.999194 -0.016415
1317386494.458396 -77.936501 149.553270 -2.984371 0.002906 0.036401 0.999181 -0.017426
1317386494.562415 -77.941923 149.556778 -2.984508 0.002927 0.035997 0.999189 -0.017820
1317386494.666514 -77.939819 149.560182 -2.985128 0.002820 0.035877 0.999196 -0.017650
1317386494.770517 -77.932264 149.557041 -2.982742 0.003203 0.036298 0.999183 -0.017464
1317386494.874514 -77.923252 149.555617 -2.982064 0.003872 0.036748 0.999160 -0.017725
1317386494.978635 -77.928471 149.554674 -2.982983 0.004276 0.036680 0.999162 -0.017677
1317386495.082644 -77.929654 149.550429 -2.981880 0.003939 0.036273 0.999180 -0.017565
1317386495.186648 -77.934007 149.549729 -2.980783 0.004022 0.036423 0.999168 -0.017900
1317386495.290640 -77.935131 149.550535 -2.982157 0.004108 0.036300 0.999174 -0.017784
1317386495.394796 -77.939844 149.554554 -2.983623 0.003901 0.036397 0.999170 -0.017854
1317386495.498774 -77.944199 149.558953 -2.985443 0.003882 0.036310 0.999175 -0.017778
1317386495.602776 -77.943079 149.555650 -2.982857 0.003891 0.036366 0.999171 -0.017877
1317386495.706764 -77.941953 149.552090 -2.983038 0.003879 0.036140 0.999179 -0.017897
1317386495.810760 -77.943292 149.554397 -2.983792 0.003865 0.036468 0.999168 -0.017836
1317386495.914761 -77.941324 149.560164 -2.983757 0.003932 0.036409 0.999169 -0.017914
1317386496.018772 -77.941103 149.560013 -2.988016 0.004079 0.036341 0.999169 -0.017982
1317386496.122797 -77.940828 149.557852 -2.985874 0.004011 0.036577 0.999159 -0.018096
1317386496.226899 -77.937405 149.556656 -2.981286 0.003965 0.036403 0.999164 -0.018160
1317386496.330884 -77.941769 149.558060 -2.984349 0.004145 0.036428 0.999163 -0.018169
1317386496.434909 -77.941918 149.556789 -2.985448 0.004113 0.036596 0.999155 -0.018248
1317386496.538886 -77.936101 149.554700 -2.985530 0.003978 0.036659 0.999151 -0.018365
1317386496.643023 -77.934179 149.550966 -2.985767 0.004002 0.036794 0.999144 -0.018471
1317386496.747024 -77.934531 149.554620 -2.982522 0.004076 0.036885 0.999137 -0.018684
1317386496.851024 -77.935700 149.560153 -2.981267 0.004030 0.037043 0.999127 -0.018875
1317386496.955146 -77.936057 149.561601 -2.983272 0.004129 0.037136 0.999120 -0.019049
1317386497.059140 -77.935256 149.562268 -2.984611 0.004135 0.037132 0.999116 -0.019244
1317386497.163139 -77.933499 149.559285 -2.981018 0.003999 0.037160 0.999115 -0.019322
1317386497.267266 -77.933783 149.558296 -2.981172 0.004138 0.037124 0.999118 -0.019184
1317386497.371288 -77.935962 149.558249 -2.983589 0.003992 0.037073 0.999118 -0.019311
1317386497.475274 -77.935851 149.557655 -2.983389 0.004023 0.037167 0.999111 -0.019502
1317386497.579394 -77.934812 149.557889 -2.983308 0.004016 0.037151 0.999110 -0.019557
1317386497.683427 -77.936952 149.557493 -2.985042 0.004123 0.037222 0.999105 -0.019642
1317386497.787393 -77.936208 149.558202 -2.984099 0.003954 0.037407 0.999100 -0.019588
1317386497.891403 -77.933962 149.560863 -2.982590 0.004015 0.037388 0.999099 -0.019677
1317386497.995526 -77.933907 149.560869 -2.983031 0.004035 0.037366 0.999098 -0.019759
1317386498.099517 -77.934833 149.561923 -2.982263 0.004011 0.037218 0.999104 -0.019767
1317386498.203525 -77.933032 149.563106 -2.981290 0.004071 0.037308 0.999099 -0.019831
1317386498.307517 -77.932716 149.562537 -2.980598 0.004045 0.037174 0.999102 -0.019906
1317386498.411534 -77.931420 149.562693 -2.980844 0.004016 0.037421 0.999090 -0.020046
1317386498.515525 -77.932054 149.563807 -2.981674 0.004039 0.037403 0.999089 -0.020157
1317386498.619639 -77.935338 149.562725 -2.983746 0.004050 0.037527 0.999085 -0.020089
1317386498.723645 -77.933019 149.559339 -2.984784 0.004071 0.037594 0.999081 -0.020177
1317386498.827659 -77.932063 149.556976 -2.982895 0.004000 0.037407 0.999088 -0.020211
1317386498.931650 -77.933093 149.559463 -2.981188 0.004025 0.037450 0.999087 -0.020168
1317386499.035771 -77.933454 149.562680 -2.984447 0.003982 0.037623 0.999080 -0.020186
1317386499.139772 -77.935010 149.565504 -2.987451 0.004000 0.037642 0.999078 -0.020234
1317386499.243889 -77.936368 149.561876 -2.987077 0.003972 0.037713 0.999076 -0.020232
1317386499.347885 -77.935469 149.557245 -2.984137 0.004011 0.037586 0.999081 -0.020209
1317386499.451899 -77.932707 149.557384 -2.986170 0.003900 0.037696 0.999077 -0.020203
1317386499.555898 -77.935111 149.559676 -2.987473 0.003922 0.037656 0.999079 -0.020217
1317386499.660015 -77.933707 149.561199 -2.987151 0.003901 0.037603 0.999081 -0.020178
1317386499.764027 -77.932570 149.563037 -2.986107 0.003883 0.037605 0.999080 -0.020237
1317386499.868025 -77.931647 149.562336 -2.984201 0.003919 0.037510 0.999085 -0.020155
1317386499.972137 -77.934704 149.560069 -2.982776 0.003909 0.037460 0.999087 -0.020168
1317386500.076156 -77.934690 149.559792 -2.979777 0.003942 0.037367 0.999086 -0.020361
1317386500.180143 -77.931502 149.560369 -2.980467 0.004146 0.037276 0.999063 -0.021585
1317386500.284145 -77.942112 149.559269 -2.983582 0.004411 0.036997 0.999049 -0.022639
1317386500.388149 -77.957003 149.552832 -2.985098 0.004451 0.036715 0.999029 -0.023926
1317386500.492153 -77.966840 149.552375 -2.982210 0.004437 0.036747 0.998965 -0.026437
1317386500.596146 -77.985450 149.553262 -2.981914 0.004610 0.036796 0.998882 -0.029332
1317386500.700140 -78.013815 149.545175 -2.981595 0.004583 0.036409 0.998799 -0.032472
1317386500.804152 -78.037801 149.541338 -2.980245 0.004637 0.036100 0.998680 -0.036235
1317386500.908026 -78.065229 149.541376 -2.978573 0.004888 0.036067 0.998503 -0.040835
1317386501.012023 -78.098988 149.537479 -2.979185 0.004844 0.035801 0.998302 -0.045700
1317386501.115914 -78.135310 149.537337 -2.980147 0.004863 0.035495 0.998057 -0.050986
1317386501.219899 -78.179129 149.533660 -2.977484 0.004931 0.035300 0.997745 -0.056879
1317386501.323769 -78.227842 149.524768 -2.975131 0.005144 0.035155 0.997358 -0.063359
1317386501.427646 -78.276333 149.513831 -2.974707 0.005590 0.035127 0.996873 -0.070559
1317386501.531644 -78.332042 149.504427 -2.975298 0.006576 0.034745 0.996282 -0.078556
1317386501.635409 -78.403596 149.490405 -2.976529 0.007879 0.034028 0.995588 -0.087089
1317386501.739269 -78.502065 149.471773 -2.977762 0.008731 0.032964 0.994778 -0.096197
1317386501.843188 -78.622156 149.455123 -2.976208 0.008889 0.032229 0.993865 -0.105427
1317386501.947017 -78.751463 149.434659 -2.969407 0.008284 0.032654 0.992806 -0.114896
1317386502.050769 -78.886573 149.399708 -2.966962 0.007724 0.033315 0.991547 -0.125160
1317386502.154643 -79.027345 149.354899 -2.964604 0.006998 0.032959 0.990020 -0.136838
1317386502.258396 -79.190231 149.310665 -2.959396 0.006243 0.031450 0.988362 -0.148701
1317386502.362151 -79.367507 149.262162 -2.945259 0.004991 0.030851 0.986427 -0.161199
1317386502.466018 -79.552187 149.200424 -2.935059 0.004594 0.031790 0.984215 -0.174038
1317386502.569767 -79.740769 149.134176 -2.930624 0.003897 0.032027 0.981676 -0.187806
1317386502.673395 -79.925020 149.064695 -2.927263 0.002618 0.032201 0.978653 -0.202964
1317386502.777146 -80.112944 148.973451 -2.916691 0.001191 0.032156 0.975070 -0.219552
1317386502.880779 -80.312684 148.863841 -2.901222 0.001549 0.032219 0.970792 -0.237745
1317386502.984538 -80.530479 148.737502 -2.898232 0.003011 0.031552 0.965676 -0.257809
1317386503.088147 -80.753720 148.585372 -2.892018 0.004275 0.029596 0.959604 -0.279759
1317386503.191766 -81.010693 148.426723 -2.878514 0.005719 0.028407 0.952619 -0.302782
1317386503.295402 -81.286372 148.243462 -2.859230 0.006666 0.029464 0.944100 -0.328271
1317386503.399030 -81.580268 147.998298 -2.859775 0.008279 0.031767 0.934503 -0.354439
1317386503.502771 -81.888020 147.712463 -2.857752 0.009429 0.032449 0.924456 -0.379788
1317386503.606527 -82.193664 147.408209 -2.847680 0.010513 0.031383 0.914054 -0.404240
1317386503.710270 -82.495455 147.063878 -2.818399 0.010493 0.030925 0.902759 -0.428905
1317386503.814184 -82.783303 146.696791 -2.791318 0.009594 0.031167 0.890760 -0.453303
1317386503.917895 -83.067168 146.302114 -2.775942 0.008608 0.029178 0.877882 -0.477911
1317386504.021770 -83.329292 145.875936 -2.753962 -0.006424 -0.027853 -0.864793 0.501315
1317386504.125653 -83.580906 145.411957 -2.724684 -0.003564 -0.027550 -0.850575 0.525120
1317386504.229406 -83.835344 144.899875 -2.696444 -0.000588 -0.028064 -0.835826 0.548277
1317386504.333279 -84.081222 144.354302 -2.672383 0.001312 -0.026745 -0.820083 0.571618
1317386504.437142 -84.304322 143.780893 -2.648506 0.002761 -0.025624 -0.804689 0.593137
1317386504.541146 -84.492905 143.181399 -2.622881 0.004219 -0.025311 -0.788972 0.613893
1317386504.645145 -84.664857 142.537024 -2.597792 0.004337 -0.026164 -0.774181 0.632408
1317386504.749274 -84.810367 141.857343 -2.581497 0.003905 -0.027357 -0.760942 0.648231
1317386504.853403 -84.931993 141.149605 -2.564535 0.002300 -0.026446 -0.749895 0.661024
1317386504.957641 -85.034863 140.428281 -2.544983 0.000558 -0.026065 -0.741243 0.670731
1317386505.062030 -85.107058 139.737694 -2.527233 -0.001311 -0.026449 -0.735397 0.677118
1317386505.166399 -85.140734 139.034205 -2.506301 -0.001124 -0.027051 -0.730449 0.682430
1317386505.270775 -85.166150 138.255013 -2.472095 -0.001190 -0.027655 -0.725707 0.687447
1317386505.375149 -85.210843 137.440855 -2.432384 -0.001468 -0.028742 -0.721099 0.692234
1317386505.479397 -85.249313 136.593148 -2.398428 -0.001780 -0.030717 -0.716387 0.697024
1317386505.583770 -85.274222 135.718913 -2.367903 -0.002796 -0.032245 -0.711304 0.702139
1317386505.688020 -85.286591 134.806513 -2.333490 -0.004890 -0.031384 -0.706587 0.706913
1317386505.792269 -85.281789 133.907376 -2.284374 -0.006352 -0.028644 -0.703286 0.710302
1317386505.896643 -85.264660 132.988125 -2.225982 -0.008389 -0.026153 -0.701646 0.711996
1317386506.000894 -85.254422 132.035446 -2.173703 -0.010145 -0.024987 -0.700897 0.712752
1317386506.105269 -85.228019 131.053426 -2.131928 -0.010085 -0.024611 -0.700626 0.713032
1317386506.209524 -85.200125 130.067966 -2.085250 -0.009078 -0.024545 -0.700595 0.713079
1317386506.313645 -85.171790 129.042129 -2.035898 -0.008263 -0.024983 -0.699571 0.714078
1317386506.417773 -85.144784 128.000715 -1.988362 -0.008230 -0.025002 -0.698138 0.715480
1317386506.521894 -85.118333 126.952049 -1.941265 -0.007941 -0.025304 -0.696434 0.717131
1317386506.626019 -85.078560 125.875965 -1.889530 -0.008281 -0.025019 -0.694707 0.718809
1317386506.730133 -85.032561 124.799674 -1.833717 -0.008741 -0.024550 -0.693252 0.720224
1317386506.834150 -84.984878 123.688852 -1.771555 -0.007815 -0.024096 -0.691318 0.722107
1317386506.938271 -84.936183 122.549327 -1.714922 -0.006704 -0.022346 -0.689475 0.723934
1317386507.042273 -84.877463 121.408448 -1.660152 -0.004781 -0.021799 -0.688086 0.725286
1317386507.146270 -84.819255 120.265031 -1.605545 -0.004641 -0.021877 -0.687172 0.726151
1317386507.250396 -84.746318 119.114489 -1.558079 -0.004666 -0.023069 -0.687419 0.725879
1317386507.354520 -84.674556 117.917833 -1.506765 -0.006230 -0.022660 -0.688037 0.725295
1317386507.458520 -84.610245 116.735156 -1.456300 -0.005425 -0.022015 -0.688609 0.724778
1317386507.562520 -84.539051 115.528255 -1.401071 -0.003449 -0.021787 -0.688727 0.724685
1317386507.666518 -84.471668 114.326327 -1.335525 -0.002610 -0.021691 -0.688998 0.724434
1317386507.770520 -84.406893 113.137514 -1.278976 -0.002075 -0.021504 -0.689178 0.724270
1317386507.874520 -84.343723 111.949665 -1.227246 -0.001316 -0.021858 -0.689432 0.724019
1317386507.978520 -84.284910 110.784220 -1.176264 -0.001380 -0.022508 -0.689815 0.723634
1317386508.082521 -84.223172 109.606845 -1.119883 -0.002675 -0.023122 -0.690129 0.723312
1317386508.186520 -84.158704 108.438926 -1.067884 -0.002749 -0.023671 -0.690128 0.723295
1317386508.290396 -84.094726 107.244006 -1.009434 -0.003142 -0.021933 -0.690531 0.722963
1317386508.394398 -84.031145 106.046471 -0.943669 -0.002351 -0.020611 -0.690786 0.722762
1317386508.498402 -83.973879 104.844155 -0.882124 -0.002476 -0.020796 -0.691032 0.722521
1317386508.602404 -83.919713 103.667162 -0.829643 -0.002980 -0.022312 -0.691124 0.722386
1317386508.706274 -83.867706 102.506298 -0.782785 -0.002546 -0.023873 -0.691157 0.722306
1317386508.810272 -83.809273 101.345258 -0.726500 -0.003685 -0.021851 -0.691422 0.722111
1317386508.914273 -83.750819 100.162894 -0.667216 -0.002826 -0.019741 -0.691556 0.722048
1317386509.018271 -83.689527 98.972246 -0.605802 -0.001361 -0.018581 -0.691640 0.722002
1317386509.122272 -83.632131 97.794632 -0.561534 -0.002739 -0.018031 -0.692062 0.721607
1317386509.226146 -83.581001 96.643361 -0.514025 -0.003286 -0.018140 -0.692207 0.721463
1317386509.330032 -83.526886 95.494077 -0.467256 -0.003660 -0.018958 -0.692119 0.721525
1317386509.434032 -83.473290 94.330349 -0.413305 -0.003785 -0.018006 -0.692203 0.721468
1317386509.537896 -83.427310 93.191629 -0.358432 -0.003774 -0.016796 -0.692501 0.721211
1317386509.641773 -83.371700 92.025002 -0.305134 -0.002554 -0.017911 -0.692407 0.721281
1317386509.745661 -83.319300 90.885448 -0.254159 -0.002872 -0.018845 -0.692375 0.721286
1317386509.849525 -83.264492 89.756696 -0.208877 -0.002230 -0.020817 -0.692283 0.721322
1317386509.953407 -83.217009 88.619953 -0.157394 -0.001288 -0.021314 -0.691835 0.721739
1317386510.057276 -83.169682 87.478229 -0.106562 -0.001026 -0.020711 -0.690765 0.722782
1317386510.161034 -83.116277 86.341036 -0.053837 -0.000143 -0.020516 -0.689490 0.724004
1317386510.264906 -83.053300 85.201895 -0.000991 0.000147 -0.019971 -0.688360 0.725094
1317386510.368647 -82.981821 84.031892 0.051522 -0.000538 -0.019862 -0.687376 0.726030
1317386510.472432 -82.911373 82.901994 0.098847 -0.002018 -0.019890 -0.686259 0.727083
1317386510.576274 -82.843789 81.802955 0.141816 -0.002428 -0.019874 -0.685326 0.727961
1317386510.680022 -82.772308 80.700070 0.191040 -0.001931 -0.019409 -0.684575 0.728681
1317386510.783784 -82.699451 79.601868 0.247270 -0.001839 -0.018590 -0.683876 0.729359
1317386510.887546 -82.622210 78.496893 0.293605 -0.001897 -0.017877 -0.683474 0.729754
1317386510.991400 -82.543483 77.393436 0.340057 -0.001075 -0.017487 -0.682961 0.730245
1317386511.095151 -82.467546 76.296352 0.386175 -0.001848 -0.016480 -0.682552 0.730649
1317386511.199023 -82.387103 75.178683 0.435885 -0.002344 -0.015567 -0.682585 0.730637
1317386511.302815 -82.304798 74.066462 0.480023 -0.003056 -0.015385 -0.682910 0.730334
1317386511.406660 -82.222541 72.977262 0.521163 -0.003144 -0.015649 -0.683493 0.729782
1317386511.510530 -82.154913 71.913679 0.561404 -0.003084 -0.015506 -0.684087 0.729229
1317386511.614398 -82.085890 70.835062 0.607319 -0.002047 -0.016588 -0.684842 0.728500
1317386511.718273 -82.014620 69.740114 0.649998 -0.001070 -0.018457 -0.685577 0.727766
1317386511.822153 -81.949096 68.663977 0.693261 -0.000806 -0.019651 -0.686499 0.726865
1317386511.926027 -81.882775 67.569882 0.738358 0.000109 -0.020403 -0.687261 0.726124
1317386512.029905 -81.821455 66.481696 0.787908 0.000145 -0.018799 -0.688202 0.725276
1317386512.133777 -81.757140 65.391332 0.839089 0.000602 -0.017592 -0.689095 0.724457
1317386512.237642 -81.694805 64.303948 0.881354 -0.000054 -0.017084 -0.690028 0.723581
1317386512.341537 -81.636464 63.227717 0.914683 0.000448 -0.017834 -0.690874 0.722755
1317386512.445412 -81.580042 62.148500 0.955382 -0.000657 -0.018546 -0.691557 0.722084
1317386512.549287 -81.522851 61.052394 0.997694 -0.001953 -0.019344 -0.692167 0.721475
1317386512.653158 -81.476152 59.962509 1.043666 -0.002387 -0.020733 -0.692548 0.721070
1317386512.756909 -81.431027 58.887781 1.089413 -0.002489 -0.020917 -0.692899 0.720727
1317386512.860835 -81.383721 57.819607 1.139879 -0.002607 -0.019946 -0.693195 0.720470
1317386512.964652 -81.341247 56.755753 1.187893 -0.001891 -0.018581 -0.692974 0.720720
1317386513.068540 -81.298467 55.708990 1.233360 -0.001986 -0.016779 -0.692987 0.720752
1317386513.172276 -81.250130 54.655562 1.281362 -0.002582 -0.014904 -0.692835 0.720937
1317386513.276027 -81.198513 53.614942 1.324311 -0.004012 -0.012998 -0.692673 0.721123
1317386513.379902 -81.142259 52.553716 1.363724 -0.005607 -0.011953 -0.692535 0.721263
1317386513.483660 -81.086601 51.494935 1.401496 -0.006740 -0.011191 -0.692471 0.721328
1317386513.587398 -81.030381 50.412124 1.441945 -0.006692 -0.012100 -0.692363 0.721416
1317386513.691279 -80.978614 49.345454 1.485665 -0.008332 -0.011531 -0.692102 0.721660
1317386513.795028 -80.932762 48.277066 1.523833 -0.008424 -0.012722 -0.691676 0.722047
1317386513.898901 -80.888087 47.205411 1.569229 -0.007548 -0.011237 -0.691584 0.722169
1317386514.002653 -80.840018 46.151430 1.613049 -0.004816 -0.009330 -0.691506 0.722294
1317386514.106534 -80.791094 45.102946 1.666906 -0.003468 -0.008538 -0.691155 0.722648
1317386514.210284 -80.741188 44.056910 1.697062 -0.001811 -0.013301 -0.690551 0.723159
1317386514.314163 -80.690747 43.012689 1.714922 -0.003153 -0.015283 -0.690144 0.723503
1317386514.418027 -80.633950 41.967811 1.744068 -0.003872 -0.015630 -0.690186 0.723453
1317386514.521926 -80.572973 40.914162 1.797115 -0.005105 -0.014540 -0.689985 0.723660
1317386514.625787 -80.517647 39.870706 1.851838 -0.004916 -0.014592 -0.689782 0.723853
1317386514.729650 -80.464863 38.830223 1.898640 -0.004986 -0.015863 -0.689689 0.723915
1317386514.833525 -80.415443 37.792302 1.929968 -0.003779 -0.019095 -0.689781 0.723757
1317386514.937406 -80.365255 36.756338 1.969547 -0.004295 -0.019814 -0.689871 0.723649
1317386515.041404 -80.312142 35.727603 2.019264 -0.003516 -0.019275 -0.690266 0.723290
1317386515.145289 -80.262543 34.711041 2.073418 -0.001913 -0.017732 -0.690601 0.723016
1317386515.249281 -80.213456 33.695997 2.125000 -0.000596 -0.017031 -0.690882 0.722767
1317386515.353159 -80.161713 32.675451 2.170484 -0.000829 -0.017215 -0.691309 0.722354
1317386515.457039 -80.112181 31.672520 2.200737 -0.001693 -0.017833 -0.691652 0.722008
1317386515.561035 -80.060152 30.658416 2.233990 -0.002372 -0.017057 -0.691971 0.721720
1317386515.664903 -80.013178 29.650185 2.279416 -0.001847 -0.015695 -0.692545 0.721201
1317386515.768780 -79.967527 28.639318 2.331445 -0.001140 -0.015215 -0.692993 0.720783
1317386515.872789 -79.927411 27.636559 2.373861 -0.000774 -0.015455 -0.693246 0.720535
1317386515.976780 -79.883847 26.630557 2.405807 -0.000487 -0.016064 -0.693389 0.720384
1317386516.080655 -79.841630 25.634774 2.437225 -0.000242 -0.015916 -0.693660 0.720127
1317386516.184670 -79.794095 24.654328 2.473465 -0.000629 -0.014716 -0.693861 0.719958
1317386516.288537 -79.749660 23.677505 2.516441 -0.000552 -0.013846 -0.694219 0.719631
1317386516.392537 -79.710708 22.742117 2.555400 -0.000780 -0.013258 -0.694520 0.719351
1317386516.496412 -79.675594 21.839969 2.587336 -0.000490 -0.012821 -0.694737 0.719149
1317386516.600415 -79.632689 20.939871 2.618178 -0.000263 -0.011874 -0.694809 0.719097
1317386516.704474 -79.592554 20.047986 2.654834 -0.000235 -0.011216 -0.694561 0.719346
1317386516.808288 -79.559959 19.168834 2.687763 -0.000101 -0.011639 -0.693776 0.720097
1317386516.912287 -79.528027 18.318831 2.713104 -0.000292 -0.012606 -0.692488 0.721319
1317386517.016163 -79.487615 17.501382 2.739395 -0.000962 -0.011815 -0.691115 0.722648
1317386517.120161 -79.446389 16.700917 2.771395 -0.001980 -0.010762 -0.689565 0.724141
1317386517.224051 -79.402995 15.920527 2.802682 -0.002548 -0.011046 -0.687772 0.725839
1317386517.328035 -79.353605 15.168220 2.830003 -0.002766 -0.011824 -0.685248 0.728208
1317386517.431907 -79.291887 14.425809 2.856241 -0.002434 -0.013634 -0.681917 0.731298
1317386517.535782 -79.239230 13.708228 2.884189 -0.002103 -0.015241 -0.677803 0.735082
1317386517.639537 -79.182065 13.013498 2.911766 -0.002674 -0.014840 -0.673160 0.739343
1317386517.743427 -79.113866 12.346636 2.944199 -0.002930 -0.014573 -0.668615 0.743460
1317386517.847290 -79.035049 11.700461 2.973141 -0.003018 -0.014242 -0.663418 0.748108
1317386517.951157 -78.948770 11.085063 3.001181 -0.001800 -0.013782 -0.657608 0.753232
1317386518.055043 -78.857546 10.494154 3.028343 -0.001527 -0.013191 -0.651125 0.758855
1317386518.158811 -78.762102 9.921192 3.051629 -0.002916 -0.012395 -0.643884 0.765017
1317386518.262664 -78.658615 9.353608 3.078281 -0.004451 -0.011350 -0.636155 0.771465
1317386518.366419 -78.548524 8.804595 3.105936 -0.004910 -0.011044 -0.627563 0.778472
1317386518.470160 -78.428032 8.262756 3.122503 -0.004389 -0.010511 -0.619078 0.785247
1317386518.573911 -78.288304 7.745809 3.141201 -0.004771 -0.009467 -0.609358 0.792824
1317386518.677653 -78.137346 7.241622 3.164242 -0.005560 -0.008616 -0.598837 0.800805
1317386518.781402 -77.979424 6.756608 3.179954 -0.006268 -0.008915 -0.586845 0.809626
1317386518.885041 -77.816426 6.290882 3.197035 -0.006867 -0.009993 -0.572782 0.819618
1317386518.988778 -77.642456 5.826160 3.214073 -0.007334 -0.011085 -0.557174 0.830289
1317386519.092413 -77.452220 5.363819 3.234610 -0.006523 -0.011676 -0.539646 0.841786
1317386519.195907 -77.250463 4.936469 3.247967 -0.003972 -0.011763 -0.519123 0.854609
1317386519.299529 -77.017791 4.521085 3.260257 -0.003223 -0.009694 -0.496746 0.867836
1317386519.403292 -76.764013 4.115385 3.283433 -0.005684 -0.007076 -0.473845 0.880562
1317386519.506922 -76.481821 3.735260 3.309039 -0.007628 -0.006438 -0.451393 0.892270
1317386519.610669 -76.197791 3.355435 3.325829 -0.007994 -0.007392 -0.426429 0.904456
1317386519.714408 -75.908952 3.010261 3.330986 -0.005514 -0.010017 -0.402563 0.915321
1317386519.818158 -75.603212 2.673790 3.328596 -0.006149 -0.007641 -0.378344 0.925613
1317386519.921908 -75.267382 2.354222 3.340300 -0.009957 -0.002696 -0.354484 0.935005
1317386520.025790 -74.913594 2.061637 3.367638 -0.013858 0.000742 -0.329725 0.943975
1317386520.129536 -74.554319 1.772205 3.385080 -0.013718 0.003806 -0.304813 0.952306
1317386520.233413 -74.174295 1.490778 3.388830 -0.010689 0.007097 -0.279732 0.959992
1317386520.337162 -73.772624 1.235734 3.385267 -0.009350 0.011089 -0.255102 0.966805
1317386520.441036 -73.356418 1.024250 3.379966 -0.013559 0.017083 -0.230428 0.972845
1317386520.544912 -72.923320 0.843589 3.403451 -0.017146 0.019907 -0.206083 0.978182
1317386520.648786 -72.483134 0.659345 3.408069 -0.016878 0.018454 -0.181191 0.983130
1317386520.752789 -72.045500 0.479661 3.386349 -0.015299 0.016658 -0.158265 0.987138
1317386520.856789 -71.596399 0.326453 3.361207 -0.014668 0.016601 -0.138219 0.990154
1317386520.960913 -71.143626 0.191490 3.346672 -0.016503 0.017642 -0.120074 0.992471
1317386521.064912 -70.673038 0.068222 3.334263 -0.019949 0.017998 -0.102967 0.994322
1317386521.169163 -70.160277 -0.050676 3.329991 -0.021179 0.018036 -0.088305 0.995705
1317386521.273410 -69.656282 -0.140528 3.320450 -0.020829 0.018835 -0.077554 0.996593
1317386521.377535 -69.158511 -0.201253 3.307989 -0.021287 0.019678 -0.067046 0.997329
1317386521.481783 -68.646882 -0.263703 3.294672 -0.019741 0.019230 -0.057817 0.997947
1317386521.586039 -68.121943 -0.333639 3.270855 -0.018912 0.018505 -0.050642 0.998366
1317386521.690287 -67.589501 -0.378728 3.249424 -0.018970 0.017744 -0.044263 0.998682
1317386521.794541 -67.035450 -0.433831 3.230576 -0.019694 0.017845 -0.037695 0.998936
1317386521.898661 -66.457301 -0.478343 3.221449 -0.019620 0.017696 -0.030574 0.999183
1317386522.002909 -65.858791 -0.515575 3.198146 -0.019284 0.017764 -0.023745 0.999374
1317386522.106899 -65.239363 -0.553400 3.180713 -0.017800 0.018189 -0.016551 0.999539
1317386522.211051 -64.613790 -0.569726 3.164516 -0.016592 0.018099 -0.009606 0.999652
1317386522.315279 -63.959971 -0.579556 3.144216 -0.017759 0.017987 -0.004798 0.999669
1317386522.419398 -63.306723 -0.577540 3.119464 -0.018488 0.017371 -0.000204 0.999678
1317386522.523529 -62.642475 -0.569803 3.096466 -0.018064 0.016850 0.002794 0.999691
1317386522.627779 -61.971370 -0.558476 3.073378 -0.018147 0.016492 0.004092 0.999691
1317386522.731910 -61.262301 -0.533124 3.050180 -0.018097 0.016607 0.004840 0.999687
1317386522.836035 -60.546487 -0.517452 3.030577 -0.017870 0.017086 0.006024 0.999676
1317386522.940288 -59.797832 -0.500713 3.014977 -0.017839 0.017872 0.006615 0.999659
1317386523.044416 -59.049604 -0.495015 2.995825 -0.018258 0.019001 0.008364 0.999618
1317386523.148419 -58.300663 -0.506353 2.976642 -0.017908 0.020441 0.010666 0.999574
1317386523.252539 -57.551754 -0.514092 2.954065 -0.017797 0.021786 0.011381 0.999539
1317386523.356660 -56.794362 -0.488265 2.929586 -0.016789 0.022779 0.013211 0.999512
1317386523.460661 -56.053574 -0.449710 2.908407 -0.015201 0.023186 0.014664 0.999508
1317386523.564662 -55.297288 -0.422427 2.881877 -0.012931 0.023366 0.016690 0.999504
1317386523.668784 -54.553995 -0.397885 2.855538 -0.012982 0.023387 0.018099 0.999478
1317386523.772790 -53.801272 -0.366697 2.824463 -0.012244 0.023379 0.019531 0.999461
1317386523.876663 -53.047380 -0.327151 2.796309 -0.011737 0.023505 0.021054 0.999433
1317386523.980660 -52.285402 -0.281536 2.772301 -0.011961 0.023670 0.022065 0.999405
1317386524.084662 -51.531802 -0.233265 2.745263 -0.012290 0.023760 0.022621 0.999386
1317386524.188662 -50.774034 -0.187713 2.714594 -0.012521 0.023790 0.023201 0.999369
1317386524.292662 -49.997638 -0.147946 2.687499 -0.012885 0.024021 0.023332 0.999356
1317386524.396662 -49.240778 -0.112186 2.657144 -0.012442 0.024456 0.023522 0.999347
1317386524.500659 -48.490888 -0.069878 2.630625 -0.012249 0.025042 0.023227 0.999341
1317386524.604539 -47.743288 -0.022413 2.604622 -0.012573 0.025635 0.023541 0.999315
1317386524.708538 -47.003771 0.019538 2.578843 -0.012385 0.026459 0.023196 0.999304
1317386524.812413 -46.262573 0.050786 2.552488 -0.012105 0.026519 0.022824 0.999314
1317386524.916411 -45.499939 0.090294 2.523346 -0.012219 0.026296 0.023027 0.999314
1317386525.020412 -44.765571 0.128159 2.499636 -0.012433 0.025924 0.022782 0.999327
1317386525.124288 -44.030142 0.166840 2.462579 -0.012711 0.026058 0.022104 0.999335
1317386525.228287 -43.279755 0.202810 2.424327 -0.011733 0.026222 0.021536 0.999355
1317386525.332296 -42.550982 0.245127 2.399858 -0.012905 0.026377 0.020564 0.999357
1317386525.436285 -41.827197 0.276490 2.377688 -0.011911 0.026690 0.020518 0.999362
1317386525.540163 -41.116732 0.300841 2.346574 -0.010316 0.028048 0.019483 0.999363
1317386525.644163 -40.421848 0.327491 2.319301 -0.012417 0.029230 0.019063 0.999314
1317386525.748161 -39.728023 0.361646 2.298804 -0.013391 0.029580 0.018315 0.999305
1317386525.852038 -39.057202 0.399405 2.276319 -0.011151 0.028254 0.017880 0.999379
1317386525.956039 -38.397079 0.424075 2.242355 -0.009954 0.027014 0.017836 0.999426
1317386526.060038 -37.737707 0.443729 2.202379 -0.011104 0.025439 0.017275 0.999465
1317386526.164038 -37.075342 0.479039 2.173213 -0.013055 0.024279 0.017344 0.999470
1317386526.267914 -36.429270 0.503256 2.159423 -0.014623 0.024217 0.017194 0.999452
1317386526.371915 -35.789287 0.526575 2.138810 -0.014935 0.024642 0.016646 0.999446
1317386526.475913 -35.148219 0.553339 2.110561 -0.014754 0.023958 0.016639 0.999466
1317386526.579915 -34.522456 0.584434 2.085758 -0.014571 0.023380 0.016635 0.999482
1317386526.683788 -33.901407 0.608885 2.058858 -0.015928 0.023474 0.016412 0.999463
1317386526.787789 -33.269624 0.630756 2.042641 -0.016473 0.022981 0.016646 0.999462
1317386526.891798 -32.652832 0.654556 2.024295 -0.015863 0.023707 0.016670 0.999454
1317386526.995664 -32.027720 0.678383 2.000989 -0.015617 0.024492 0.017068 0.999432
1317386527.099664 -31.424700 0.704201 1.977115 -0.015712 0.025022 0.017299 0.999414
1317386527.203539 -30.813028 0.731228 1.954658 -0.014485 0.024507 0.017785 0.999436
1317386527.307538 -30.217125 0.754520 1.932476 -0.014826 0.024066 0.018965 0.999421
1317386527.411414 -29.613261 0.783861 1.905305 -0.013907 0.023934 0.019841 0.999420
1317386527.515413 -29.011099 0.811358 1.881290 -0.013701 0.023607 0.020071 0.999426
1317386527.619289 -28.382742 0.840841 1.862203 -0.014621 0.023906 0.021586 0.999374
1317386527.723288 -27.783178 0.873824 1.840267 -0.014300 0.024208 0.022315 0.999356
1317386527.827289 -27.198016 0.901211 1.818662 -0.012880 0.024420 0.023224 0.999349
1317386527.931170 -26.624500 0.927927 1.788606 -0.012292 0.025295 0.024512 0.999304
1317386528.035042 -26.054199 0.957494 1.757333 -0.012381 0.025833 0.025217 0.999271
1317386528.139038 -25.478523 0.989602 1.738952 -0.012613 0.026188 0.026063 0.999238
1317386528.242915 -24.901312 1.029345 1.718270 -0.012759 0.027400 0.026984 0.999179
1317386528.346913 -24.316276 1.063579 1.694757 -0.012654 0.028009 0.027768 0.999142
1317386528.450788 -23.750199 1.096003 1.668751 -0.012492 0.028388 0.028282 0.999119
1317386528.554791 -23.191366 1.127632 1.645222 -0.013274 0.028383 0.028045 0.999115
1317386528.658790 -22.651516 1.156812 1.616652 -0.012429 0.029080 0.027921 0.999110
1317386528.762789 -22.126232 1.192584 1.592553 -0.013146 0.028921 0.027211 0.999125
1317386528.866789 -21.622125 1.226844 1.558130 -0.012128 0.029612 0.026073 0.999148
1317386528.970665 -21.119265 1.254065 1.528012 -0.011789 0.029676 0.025768 0.999158
1317386529.074666 -20.613440 1.280386 1.498216 -0.011547 0.030149 0.024858 0.999170
1317386529.178664 -20.129726 1.304849 1.473892 -0.011840 0.029442 0.024261 0.999202
1317386529.282665 -19.658287 1.336748 1.446127 -0.011280 0.029859 0.023606 0.999212
1317386529.386664 -19.191700 1.365173 1.425153 -0.012079 0.029871 0.023370 0.999208
1317386529.490679 -18.738580 1.385778 1.405746 -0.012129 0.030108 0.022472 0.999220
1317386529.594669 -18.301633 1.405726 1.376630 -0.011198 0.031230 0.022073 0.999206
1317386529.698545 -17.896126 1.428743 1.353525 -0.011593 0.031052 0.021452 0.999220
1317386529.802555 -17.502840 1.441656 1.331592 -0.011552 0.031964 0.020980 0.999202
1317386529.906561 -17.125838 1.460366 1.308077 -0.010780 0.032877 0.020442 0.999192
1317386530.010540 -16.760303 1.477203 1.281499 -0.011201 0.034316 0.019852 0.999151
1317386530.114549 -16.407870 1.498234 1.275703 -0.011879 0.033886 0.019359 0.999168
1317386530.218534 -16.086050 1.513944 1.260101 -0.010761 0.033719 0.018975 0.999193
1317386530.322535 -15.790375 1.527157 1.239024 -0.011020 0.033539 0.018891 0.999198
1317386530.426547 -15.509146 1.543853 1.215255 -0.009908 0.033512 0.018421 0.999219
1317386530.530434 -15.232403 1.555058 1.198016 -0.009155 0.033508 0.017858 0.999237
1317386530.634427 -14.967434 1.569767 1.183354 -0.008891 0.033098 0.017938 0.999252
1317386530.738302 -14.706421 1.581341 1.169495 -0.007873 0.032701 0.017806 0.999276
1317386530.842296 -14.435636 1.595965 1.147044 -0.007093 0.031858 0.017494 0.999314
1317386530.946296 -14.163345 1.606557 1.123914 -0.006956 0.031791 0.017120 0.999324
1317386531.050286 -13.907209 1.608631 1.104997 -0.007101 0.031980 0.016847 0.999321
1317386531.154174 -13.659863 1.620623 1.094328 -0.007117 0.033067 0.017052 0.999282
1317386531.258168 -13.412657 1.635316 1.089296 -0.006982 0.032904 0.016971 0.999290
1317386531.362056 -13.158510 1.642261 1.069451 -0.006597 0.033250 0.016850 0.999283
1317386531.466072 -12.914525 1.645594 1.051392 -0.006855 0.033516 0.016790 0.999274
1317386531.570036 -12.670109 1.652373 1.035786 -0.006457 0.033545 0.016639 0.999278
1317386531.673922 -12.419286 1.666565 1.018942 -0.005430 0.033928 0.017044 0.999264
1317386531.777798 -12.166723 1.673492 1.006294 -0.004967 0.033924 0.018229 0.999246
1317386531.881792 -11.915690 1.682729 0.998193 -0.004730 0.034054 0.020574 0.999197
1317386531.985668 -11.684612 1.693096 0.975162 -0.004897 0.034356 0.023573 0.999120
1317386532.089548 -11.448523 1.713551 0.962609 -0.005723 0.034085 0.027577 0.999022
1317386532.193431 -11.219533 1.724545 0.932529 -0.004823 0.035140 0.031354 0.998879
1317386532.297293 -10.980614 1.739895 0.916711 -0.006138 0.034518 0.034754 0.998781
1317386532.401301 -10.745677 1.760834 0.892713 -0.006260 0.035428 0.037259 0.998658
1317386532.505173 -10.516180 1.780698 0.880555 -0.005806 0.034839 0.039219 0.998606
1317386532.609172 -10.276746 1.805399 0.862703 -0.003621 0.034785 0.041911 0.998509
1317386532.713211 -10.044271 1.823621 0.851755 -0.005079 0.034787 0.043815 0.998421
1317386532.817053 -9.805813 1.850093 0.838456 -0.004276 0.034488 0.045442 0.998362
1317386532.921046 -9.573053 1.879904 0.805669 -0.005027 0.035394 0.045530 0.998323
1317386533.025217 -9.341671 1.893813 0.774984 -0.003753 0.035108 0.044912 0.998367
1317386533.129169 -9.113723 1.915123 0.757898 -0.003387 0.035200 0.044342 0.998390
1317386533.233169 -8.884516 1.933031 0.742504 -0.002737 0.035728 0.043145 0.998426
1317386533.337294 -8.672502 1.955659 0.736849 -0.002210 0.035664 0.042397 0.998462
1317386533.441291 -8.441912 1.974481 0.727246 -0.002075 0.036012 0.040580 0.998525
1317386533.545294 -8.228718 1.988324 0.708815 -0.001194 0.035364 0.039286 0.998601
1317386533.649418 -8.010949 2.004280 0.692768 -0.000231 0.035287 0.037787 0.998663
1317386533.753417 -7.791208 2.028559 0.684244 -0.000795 0.035035 0.036415 0.998722
1317386533.857419 -7.552028 2.060706 0.667050 -0.000722 0.035615 0.034682 0.998763
1317386533.961416 -7.319069 2.076335 0.651675 0.000302 0.035410 0.032331 0.998850
1317386534.065418 -7.097479 2.091573 0.640148 -0.000649 0.035172 0.030482 0.998916
1317386534.169293 -6.869745 2.110209 0.628141 -0.000767 0.034336 0.028370 0.999007
1317386534.273294 -6.628289 2.119804 0.612340 -0.000642 0.033116 0.025853 0.999117
1317386534.377295 -6.374430 2.125052 0.592999 -0.000434 0.033432 0.023386 0.999167
1317386534.481293 -6.111674 2.134694 0.572925 -0.003100 0.033716 0.021040 0.999205
1317386534.585294 -5.830770 2.154916 0.553451 -0.002639 0.033995 0.018854 0.999241
1317386534.689170 -5.536301 2.168488 0.538208 -0.001695 0.034178 0.016026 0.999286
1317386534.793169 -5.230266 2.179690 0.526762 0.000239 0.034809 0.013319 0.999305
1317386534.897045 -4.921402 2.189008 0.506949 0.000423 0.035446 0.010555 0.999316
1317386535.001043 -4.598118 2.194985 0.486675 0.001298 0.035833 0.008103 0.999324
1317386535.105043 -4.266202 2.197830 0.465840 0.000586 0.036155 0.006187 0.999327
1317386535.208932 -3.921864 2.209474 0.448766 0.001279 0.036611 0.004345 0.999319
1317386535.312796 -3.569734 2.221163 0.431124 0.000858 0.037402 0.002245 0.999297
1317386535.416793 -3.237141 2.223835 0.411285 0.002033 0.037414 0.000115 0.999298
1317386535.520670 -2.902459 2.221425 0.396490 0.004080 0.037167 -0.001447 0.999300
1317386535.624543 -2.536240 2.217733 0.365638 0.004411 0.035288 -0.001885 0.999366
1317386535.728418 -2.158435 2.208680 0.335232 0.003109 0.034541 -0.002828 0.999394
1317386535.832296 -1.754622 2.203766 0.303668 -0.001653 0.034674 -0.003681 0.999391
1317386535.936310 -1.342699 2.203993 0.280683 -0.003702 0.035906 -0.006020 0.999330
1317386536.040295 -0.935182 2.204785 0.269849 -0.005346 0.036554 -0.009989 0.999267
1317386536.144171 -0.540357 2.197446 0.252785 0.000190 0.036278 -0.014581 0.999235
1317386536.248168 -0.173615 2.177660 0.232309 0.003876 0.034897 -0.017210 0.999235
1317386536.351921 0.190855 2.163776 0.216561 0.005011 0.033243 -0.016329 0.999301
1317386536.455545 0.559358 2.155052 0.182317 0.001799 0.032928 -0.010995 0.999396
1317386536.559170 0.953382 2.154153 0.142304 -0.001994 0.030794 -0.002588 0.999520
1317386536.662921 1.361029 2.147658 0.111391 -0.005820 0.029921 0.007258 0.999509
1317386536.766669 1.731502 2.154885 0.101411 -0.007239 0.028812 0.016489 0.999423
1317386536.870303 2.086006 2.162140 0.094160 -0.003487 0.028653 0.027207 0.999213
1317386536.974045 2.435640 2.191511 0.069720 -0.002083 0.030610 0.040263 0.998718
1317386537.077671 2.778803 2.250133 0.038397 -0.003901 0.034729 0.053279 0.997968
1317386537.181420 3.128991 2.308145 0.015533 -0.007015 0.037316 0.066915 0.997036
1317386537.285047 3.490380 2.352902 -0.003498 -0.007962 0.037861 0.080077 0.996038
1317386537.388796 3.837537 2.389565 -0.041875 -0.008811 0.039272 0.092390 0.994909
1317386537.492669 4.201612 2.436854 -0.057577 -0.006261 0.040996 0.102281 0.993891
1317386537.596544 4.533581 2.527022 -0.073207 -0.006115 0.041725 0.110119 0.993023
1317386537.700545 4.868527 2.617786 -0.092732 -0.009967 0.043482 0.113886 0.992492
1317386537.804672 5.192132 2.694752 -0.116435 -0.013051 0.045340 0.115619 0.992173
1317386537.908795 5.518815 2.780639 -0.142565 -0.013211 0.045181 0.113666 0.992403
1317386538.013049 5.839098 2.863036 -0.165926 -0.013178 0.044714 0.109283 0.992917
1317386538.117296 6.149198 2.920118 -0.188819 -0.011202 0.045592 0.104548 0.993411
1317386538.221423 6.434034 2.966222 -0.212862 -0.007849 0.047349 0.099560 0.993873
1317386538.325672 6.675673 3.013910 -0.243105 -0.009295 0.048258 0.094003 0.994358
1317386538.429801 6.852379 3.057287 -0.253043 -0.010252 0.048367 0.089330 0.994774
1317386538.533798 7.016117 3.078336 -0.246084 -0.011460 0.048018 0.083353 0.995297
1317386538.637924 7.146242 3.078014 -0.248426 -0.010189 0.047532 0.078963 0.995692
1317386538.742045 7.255222 3.088537 -0.267922 -0.008429 0.046384 0.076283 0.995971
1317386538.846049 7.336950 3.100186 -0.291878 -0.008775 0.046487 0.074261 0.996116
1317386538.950046 7.370850 3.107391 -0.293745 -0.008503 0.046218 0.072829 0.996237
1317386539.054046 7.368004 3.112898 -0.278409 -0.009009 0.045234 0.073485 0.996229
1317386539.158046 7.349657 3.102012 -0.274951 -0.009564 0.044857 0.073602 0.996232
1317386539.262047 7.335477 3.102353 -0.277881 -0.009502 0.042997 0.073888 0.996294
1317386539.366046 7.336618 3.112909 -0.290893 -0.009061 0.040906 0.074013 0.996377
1317386539.469922 7.339131 3.119714 -0.304370 -0.008860 0.041011 0.074246 0.996357
1317386539.573924 7.343428 3.120505 -0.305647 -0.008953 0.041647 0.073858 0.996359
1317386539.677923 7.349905 3.115778 -0.293219 -0.008626 0.041918 0.073858 0.996350
1317386539.781922 7.360406 3.107473 -0.288194 -0.009018 0.042089 0.073877 0.996338
1317386539.885921 7.360885 3.111332 -0.293801 -0.008899 0.042295 0.073971 0.996323
