1317383440.868350 0.004946 -0.002179 0.000448 0.000032 0.000163 -0.000147 1.000000
1317383440.972599 0.128914 -0.003117 0.003208 0.000807 0.000714 -0.003495 0.999993
1317383441.076726 0.141487 -0.035356 0.001385 0.002020 0.003513 -0.002322 0.999989
1317383441.180851 -0.272534 -0.126514 0.005065 0.001564 0.002942 0.000821 0.999994
1317383441.285100 0.178314 -0.422869 0.010722 -0.000672 0.001110 -0.002463 0.999996
1317383441.389227 0.474173 -0.494562 -0.000886 -0.001495 0.000726 -0.003959 0.999991
1317383441.493483 0.722933 -0.514099 0.002960 -0.003970 0.000716 -0.002187 0.999989
1317383441.597600 1.053519 -0.537817 0.013396 -0.003752 0.001275 -0.002379 0.999989
1317383441.701850 1.334093 -0.595922 0.042099 -0.003355 0.002586 -0.000326 0.999991
1317383441.805976 1.711155 -0.694747 0.048696 -0.001161 0.003694 -0.004527 0.999982
1317383441.910225 2.072331 -0.724303 0.037407 0.001052 0.003171 -0.008501 0.999958
1317383442.014351 2.368784 -0.778311 0.015205 0.000694 0.001454 -0.005401 0.999984
1317383442.118600 2.673099 -0.756389 0.019388 -0.000873 0.000608 -0.003051 0.999995
1317383442.222727 3.090982 -0.769096 0.060988 -0.004230 0.001585 -0.001119 0.999989
1317383442.326977 3.415074 -0.791599 0.074410 -0.005122 0.003655 -0.000607 0.999980
1317383442.431103 3.775667 -0.825785 0.091289 -0.005651 0.005158 0.003581 0.999964
1317383442.535351 4.234766 -0.924397 0.082788 -0.003321 0.004066 0.005879 0.999969
1317383442.639478 4.615961 -1.033558 0.062675 -0.002251 0.003343 0.007496 0.999964
1317383442.743726 5.020565 -1.135190 0.046590 -0.002148 0.002080 0.005034 0.999983
1317383442.847853 5.432855 -1.211029 0.049691 -0.004251 0.002047 0.006016 0.999971
1317383442.951978 5.824128 -1.293796 0.068774 -0.005786 0.001543 0.011616 0.999915
1317383443.056227 6.295442 -1.305545 0.083264 -0.006908 0.001346 0.012344 0.999899
1317383443.160352 6.825268 -1.342601 0.104757 -0.006727 0.002366 0.012277 0.999899
1317383443.264477 7.286560 -1.378825 0.119996 -0.007907 0.003297 0.012870 0.999880
1317383443.368603 7.746947 -1.454173 0.119146 -0.008437 0.003308 0.012115 0.999886
1317383443.472852 8.147819 -1.477823 0.106189 -0.009981 0.003287 0.013006 0.999860
1317383443.576978 8.509150 -1.501752 0.110990 -0.010632 0.003803 0.014609 0.999830
1317383443.681107 8.874970 -1.547201 0.117701 -0.011785 0.004047 0.014442 0.999818
1317383443.785227 9.282505 -1.556645 0.120714 -0.010601 0.003778 0.015479 0.999817
1317383443.889355 9.648100 -1.571583 0.130466 -0.010730 0.003581 0.013994 0.999838
1317383443.993477 9.988507 -1.576882 0.134850 -0.010534 0.004134 0.015094 0.999822
1317383444.097604 10.343530 -1.556066 0.145969 -0.011112 0.004518 0.017372 0.999777
1317383444.201727 10.609296 -1.470091 0.145948 -0.012059 0.004819 0.015856 0.999790
1317383444.305853 10.776452 -1.440879 0.141799 -0.012288 0.005066 0.017617 0.999756
1317383444.409979 10.936398 -1.427722 0.145085 -0.012104 0.005136 0.017354 0.999763
1317383444.514102 11.117727 -1.425026 0.146658 -0.012711 0.005911 0.017487 0.999749
1317383444.618230 11.291683 -1.392903 0.145103 -0.010908 0.005742 0.017226 0.999776
1317383444.722355 11.424276 -1.368058 0.139489 -0.009743 0.005162 0.017435 0.999787
1317383444.826479 11.577355 -1.411983 0.137948 -0.009933 0.005255 0.018752 0.999761
1317383444.930728 11.686711 -1.458772 0.149475 -0.009844 0.005672 0.019425 0.999747
1317383445.034853 11.782015 -1.387461 0.152446 -0.009071 0.005923 0.016497 0.999805
1317383445.138980 11.853195 -1.346256 0.150872 -0.008510 0.005792 0.017622 0.999792
1317383445.243104 11.868713 -1.290571 0.150582 -0.007487 0.005147 0.016272 0.999826
1317383445.347230 11.886039 -1.275773 0.148688 -0.007559 0.005030 0.016253 0.999827
1317383445.451356 11.914834 -1.267038 0.147465 -0.008559 0.004947 0.014598 0.999845
1317383445.555473 11.951616 -1.281333 0.147593 -0.009689 0.005249 0.016105 0.999810
1317383445.659596 11.911114 -1.312906 0.139780 -0.010678 0.005977 0.016371 0.999791
1317383445.763841 11.884014 -1.304711 0.141660 -0.012484 0.006269 0.015434 0.999783
1317383445.867968 11.827260 -1.299823 0.140224 -0.013944 0.006418 0.015036 0.999769
1317383445.972116 11.788278 -1.283667 0.129148 -0.015105 0.005727 0.015387 0.999751
1317383446.076232 11.796805 -1.279540 0.125132 -0.016564 0.005671 0.014727 0.999738
1317383446.180229 11.804381 -1.269992 0.128546 -0.017049 0.005458 0.014545 0.999734
1317383446.284357 11.862579 -1.264938 0.127492 -0.016528 0.005269 0.014371 0.999746
1317383446.388481 11.887489 -1.282342 0.112429 -0.013758 0.005011 0.014984 0.999781
1317383446.492605 11.876665 -1.272687 0.107564 -0.014009 0.004604 0.014894 0.999780
1317383446.596607 11.892296 -1.261768 0.114536 -0.014341 0.004653 0.015363 0.999768
1317383446.700731 11.882339 -1.252957 0.117699 -0.013860 0.004222 0.015431 0.999776
1317383446.804858 11.859853 -1.247075 0.111054 -0.013700 0.004531 0.015771 0.999772
1317383446.908982 11.841621 -1.244093 0.111803 -0.013428 0.004881 0.016165 0.999767
1317383447.013106 11.824449 -1.234001 0.117545 -0.012201 0.005279 0.016749 0.999771
1317383447.117232 11.760222 -1.236590 0.116033 -0.010787 0.005695 0.017600 0.999771
1317383447.221232 11.681892 -1.228785 0.113027 -0.009934 0.005608 0.017546 0.999781
1317383447.325356 11.519279 -1.211757 0.122981 -0.010157 0.005754 0.017930 0.999771
1317383447.429482 11.355304 -1.223062 0.123737 -0.009422 0.005386 0.018182 0.999776
1317383447.533606 11.180684 -1.227303 0.110211 -0.009267 0.005213 0.018118 0.999779
1317383447.637608 10.914295 -1.232209 0.110222 -0.009108 0.004789 0.017937 0.999786
1317383447.741732 10.630185 -1.235111 0.117662 -0.010424 0.004520 0.018346 0.999767
1317383447.845858 10.343753 -1.230714 0.111635 -0.010820 0.004663 0.018279 0.999763
1317383447.949983 10.027511 -1.216618 0.105747 -0.010783 0.005187 0.017924 0.999768
1317383448.053983 9.771318 -1.203233 0.108688 -0.011824 0.006142 0.017973 0.999750
1317383448.158108 9.454310 -1.204869 0.106058 -0.010962 0.005568 0.017427 0.999773
1317383448.262232 9.049985 -1.209185 0.103612 -0.011703 0.004564 0.017286 0.999772
1317383448.366356 8.629089 -1.220716 0.104303 -0.011161 0.003926 0.017301 0.999780
1317383448.470358 8.158496 -1.229981 0.102654 -0.009752 0.003948 0.017165 0.999797
1317383448.574483 7.629380 -1.239097 0.094108 -0.007923 0.005144 0.017357 0.999805
1317383448.678608 7.013805 -1.242246 0.082447 -0.005508 0.005742 0.016410 0.999834
1317383448.782733 6.388767 -1.259518 0.066428 -0.004795 0.005133 0.016263 0.999843
1317383448.886859 5.758353 -1.263095 0.057733 -0.005105 0.004149 0.016258 0.999846
1317383448.990981 5.088356 -1.280250 0.042634 -0.005346 0.002529 0.015450 0.999863
1317383449.095109 4.395788 -1.301745 0.044062 -0.007897 0.002272 0.014921 0.999855
1317383449.199235 3.694413 -1.318916 0.060903 -0.009607 0.003131 0.014146 0.999849
1317383449.303359 2.962689 -1.345280 0.086280 -0.012484 0.004479 0.013532 0.999820
1317383449.407482 2.197161 -1.371099 0.093771 -0.011102 0.005182 0.012927 0.999841
1317383449.511609 1.412087 -1.397683 0.076726 -0.011754 0.004822 0.012415 0.999842
1317383449.615735 0.573678 -1.440175 0.041063 -0.010313 0.004197 0.011750 0.999869
1317383449.719859 -0.263788 -1.469210 0.023683 -0.011415 0.004358 0.011162 0.999863
1317383449.823984 -1.102022 -1.481980 -0.000533 -0.007807 0.003413 0.010925 0.999904
1317383449.928109 -2.026997 -1.512705 -0.007557 -0.010207 0.002955 0.010483 0.999889
1317383450.032235 -2.976590 -1.543541 -0.001497 -0.009882 0.002634 0.010020 0.999898
1317383450.136360 -3.876586 -1.575390 0.019735 -0.011674 0.003041 0.009600 0.999881
1317383450.240485 -4.844512 -1.608794 0.029942 -0.012358 0.004001 0.009658 0.999869
1317383450.344610 -5.869606 -1.643176 0.015716 -0.010962 0.003914 0.009380 0.999888
1317383450.448738 -6.943537 -1.689030 -0.006706 -0.008972 0.004367 0.009255 0.999907
1317383450.552860 -8.072853 -1.759736 -0.035832 -0.007013 0.004819 0.008967 0.999924
1317383450.656984 -9.212076 -1.830078 -0.042673 -0.006214 0.005010 0.008795 0.999929
1317383450.760986 -10.404694 -1.881129 -0.064964 -0.004760 0.004905 0.009684 0.999930
1317383450.865110 -11.621109 -1.939433 -0.090027 -0.003127 0.005447 0.009741 0.999933
1317383450.969235 -12.854832 -2.017662 -0.110368 -0.000185 0.006131 0.009980 0.999931
1317383451.073360 -14.086869 -2.082211 -0.126050 -0.000176 0.005936 0.010702 0.999925
1317383451.177487 -15.364336 -2.125719 -0.124919 -0.000653 0.005490 0.011302 0.999921
1317383451.281622 -16.611667 -2.190158 -0.124629 -0.002101 0.005168 0.011486 0.999918
1317383451.385737 -17.890343 -2.251463 -0.136580 0.000087 0.004253 0.011946 0.999920
1317383451.489861 -19.212589 -2.299144 -0.152434 0.002158 0.003383 0.012545 0.999913
1317383451.593986 -20.484117 -2.365163 -0.159316 0.004973 0.004432 0.012786 0.999896
1317383451.698111 -21.826979 -2.404879 -0.148156 0.009114 0.005304 0.013788 0.999849
1317383451.802237 -23.168559 -2.440062 -0.160500 0.010973 0.004704 0.014235 0.999827
1317383451.906362 -24.458354 -2.515657 -0.176882 0.010169 0.003042 0.013780 0.999849
1317383452.010613 -25.787126 -2.562341 -0.184904 0.008351 0.001445 0.013686 0.999870
1317383452.114745 -27.015484 -2.606610 -0.164420 0.005682 0.000770 0.013006 0.999899
1317383452.218863 -28.323370 -2.644536 -0.151151 0.007129 0.001754 0.012829 0.999891
1317383452.322988 -29.665365 -2.683262 -0.132107 0.008135 0.003232 0.012221 0.999887
1317383452.427235 -30.993302 -2.725441 -0.123807 0.009751 0.003712 0.012011 0.999873
1317383452.531361 -32.386729 -2.760738 -0.133056 0.010244 0.004019 0.011558 0.999873
1317383452.635489 -33.742617 -2.789352 -0.152415 0.009650 0.004141 0.010983 0.999885
1317383452.739611 -35.082262 -2.830564 -0.195400 0.010492 0.004260 0.010070 0.999885
1317383452.843863 -36.473795 -2.878143 -0.226858 0.009677 0.003645 0.009377 0.999903
1317383452.947986 -37.911649 -2.924174 -0.244076 0.008476 0.002910 0.008866 0.999921
1317383453.052114 -39.329348 -2.959441 -0.239627 0.005704 0.002860 0.008467 0.999944
1317383453.156238 -40.865298 -3.011346 -0.242943 0.005503 0.003137 0.008380 0.999945
1317383453.260362 -42.416855 -3.074229 -0.269295 0.005503 0.002281 0.008417 0.999947
1317383453.364489 -43.919309 -3.157976 -0.293576 0.004436 0.000983 0.009586 0.999944
1317383453.468737 -45.457340 -3.227644 -0.302772 0.001755 -0.000056 0.009674 0.999952
1317383453.572874 -46.970152 -3.278007 -0.295828 -0.002152 -0.000025 0.009408 0.999953
1317383453.676989 -48.458207 -3.324745 -0.301057 -0.003582 0.000603 0.009135 0.999952
1317383453.781112 -49.960794 -3.376434 -0.315088 -0.004140 0.001990 0.008967 0.999949
1317383453.885240 -51.450404 -3.431108 -0.320836 -0.002901 0.002150 0.009173 0.999951
1317383453.989363 -52.965383 -3.491558 -0.329242 -0.001478 0.002357 0.009992 0.999946
1317383454.093489 -54.474011 -3.542444 -0.365063 0.001405 0.001012 0.010609 0.999942
1317383454.197613 -55.982953 -3.594717 -0.394948 0.001491 -0.001554 0.011964 0.999926
1317383454.301739 -57.485280 -3.627631 -0.383280 -0.002831 -0.002577 0.012160 0.999919
1317383454.405988 -58.971540 -3.665875 -0.387044 -0.004683 -0.002161 0.012512 0.999908
1317383454.510113 -60.433107 -3.708908 -0.399532 -0.005758 -0.000949 0.012755 0.999902
1317383454.614239 -61.961430 -3.763949 -0.406775 -0.006064 0.000339 0.012488 0.999904
1317383454.718365 -63.491611 -3.808840 -0.417241 -0.006646 0.000263 0.012218 0.999903
1317383454.822489 -64.987887 -3.848746 -0.444673 -0.004349 0.000764 0.012519 0.999912
1317383454.926615 -66.473412 -3.891356 -0.465436 -0.003065 0.000982 0.012409 0.999918
1317383455.030739 -67.958716 -3.944352 -0.474658 -0.002345 0.000835 0.012168 0.999923
1317383455.134866 -69.477694 -3.993247 -0.483544 -0.000993 0.000992 0.011790 0.999930
1317383455.238991 -70.973161 -4.034704 -0.508682 0.002093 0.002308 0.011269 0.999932
1317383455.343116 -72.475917 -4.074653 -0.532849 0.004142 0.002480 0.011001 0.999928
1317383455.447241 -73.993520 -4.118649 -0.566748 0.004839 0.000685 0.011052 0.999927
1317383455.551490 -75.481622 -4.175339 -0.606028 0.002795 -0.002405 0.011246 0.999930
1317383455.655614 -77.011125 -4.214435 -0.618171 -0.002842 -0.002792 0.011075 0.999931
1317383455.759739 -78.507745 -4.253018 -0.615110 -0.008709 -0.001458 0.010441 0.999907
1317383455.863866 -80.030595 -4.299761 -0.615769 -0.010488 -0.000247 0.009959 0.999895
1317383455.967990 -81.554349 -4.352551 -0.634409 -0.009374 -0.000072 0.010261 0.999903
1317383456.072115 -83.051591 -4.398930 -0.669714 -0.006043 0.000093 0.010887 0.999922
1317383456.176241 -84.508228 -4.441127 -0.707285 -0.003586 -0.000319 0.011117 0.999932
1317383456.280242 -85.986418 -4.483422 -0.727951 -0.003610 -0.000811 0.011626 0.999926
1317383456.384368 -87.468385 -4.532023 -0.735741 -0.005811 -0.000736 0.011726 0.999914
1317383456.488489 -88.943456 -4.586824 -0.742707 -0.007004 -0.000313 0.011643 0.999908
1317383456.592616 -90.405692 -4.629292 -0.764589 -0.006485 -0.000458 0.012232 0.999904
1317383456.696741 -91.927221 -4.677021 -0.805329 -0.004784 -0.001142 0.012321 0.999912
1317383456.800866 -93.482864 -4.721238 -0.835300 -0.004198 -0.001510 0.012262 0.999915
1317383456.904991 -94.955791 -4.752876 -0.850262 -0.004594 -0.001326 0.013314 0.999900
1317383457.009117 -96.459485 -4.791637 -0.867391 -0.004394 -0.001481 0.013634 0.999896
1317383457.113240 -97.921343 -4.831877 -0.885662 -0.004371 -0.001939 0.014025 0.999890
1317383457.217242 -99.443102 -4.880208 -0.902458 -0.005303 -0.002065 0.014058 0.999885
1317383457.321368 -100.967440 -4.926752 -0.927214 -0.004740 -0.002059 0.014280 0.999885
1317383457.425493 -102.454216 -4.965601 -0.946361 -0.005342 -0.002232 0.014819 0.999873
1317383457.529616 -103.956119 -5.004290 -0.972017 -0.004326 -0.002554 0.014730 0.999879
1317383457.633743 -105.465545 -5.057949 -0.997627 -0.003409 -0.002582 0.014567 0.999885
1317383457.737865 -106.995756 -5.101340 -1.017309 -0.003040 -0.002595 0.015008 0.999879
1317383457.841993 -108.504289 -5.140087 -1.026917 -0.003075 -0.002383 0.015211 0.999877
1317383457.945993 -110.027015 -5.195242 -1.039181 -0.003494 -0.002319 0.015106 0.999877
1317383458.050119 -111.520133 -5.237066 -1.068005 -0.003252 -0.002372 0.015345 0.999874
1317383458.154244 -113.037913 -5.277648 -1.088301 -0.004272 -0.002855 0.014973 0.999875
1317383458.258243 -114.549612 -5.314555 -1.109628 -0.005240 -0.002710 0.015578 0.999861
1317383458.362368 -116.060473 -5.347307 -1.135135 -0.005619 -0.001927 0.015837 0.999857
1317383458.466489 -117.554254 -5.402548 -1.154307 -0.005800 -0.001080 0.015509 0.999862
1317383458.570618 -119.056718 -5.454949 -1.191536 -0.005066 -0.002043 0.015371 0.999867
1317383458.674742 -120.584868 -5.501419 -1.222901 -0.004968 -0.003212 0.015419 0.999864
1317383458.778749 -122.095680 -5.555484 -1.240521 -0.006702 -0.003221 0.015147 0.999858
1317383458.882872 -123.616653 -5.613272 -1.260998 -0.006668 -0.002740 0.015079 0.999860
1317383458.986992 -125.078187 -5.659181 -1.298967 -0.005398 -0.002278 0.014622 0.999876
1317383459.090996 -126.581663 -5.699565 -1.332865 -0.005781 -0.002292 0.015084 0.999867
1317383459.195117 -128.084010 -5.750155 -1.356359 -0.006974 -0.002378 0.014766 0.999864
1317383459.299247 -129.615800 -5.784440 -1.384734 -0.007062 -0.002393 0.015326 0.999855
1317383459.403248 -131.093444 -5.818725 -1.411597 -0.007663 -0.002501 0.015415 0.999849
1317383459.507245 -132.590308 -5.864320 -1.437944 -0.006860 -0.002885 0.015614 0.999850
1317383459.611372 -134.096893 -5.914273 -1.465591 -0.005940 -0.002804 0.015983 0.999851
1317383459.715372 -135.648762 -5.959459 -1.501658 -0.003470 -0.002349 0.016286 0.999859
1317383459.819373 -137.273547 -6.006789 -1.542903 -0.002420 -0.002518 0.016751 0.999854
1317383459.923497 -139.004930 -6.082695 -1.574942 -0.002661 -0.003532 0.016552 0.999853
1317383460.027498 -140.701285 -6.169979 -1.597308 -0.001750 -0.003014 0.016185 0.999863
1317383460.131497 -142.480044 -6.242223 -1.619337 -0.002413 -0.001918 0.015422 0.999876
1317383460.235622 -144.341546 -6.351325 -1.669042 -0.000526 -0.002580 0.014483 0.999892
1317383460.339622 -146.208879 -6.455046 -1.724749 0.001125 -0.003289 0.013658 0.999901
1317383460.443748 -148.109383 -6.533264 -1.760615 -0.000571 -0.003669 0.013876 0.999897
1317383460.547748 -150.007377 -6.560422 -1.790498 -0.002745 -0.003571 0.013824 0.999894
1317383460.651747 -152.025343 -6.605634 -1.838433 -0.002578 -0.004218 0.013860 0.999892
1317383460.755869 -154.049433 -6.652993 -1.881983 -0.004585 -0.004157 0.013723 0.999887
1317383460.859874 -156.090438 -6.697284 -1.930312 -0.003795 -0.004355 0.013741 0.999889
1317383460.963999 -158.127787 -6.787038 -1.980050 -0.003989 -0.004728 0.011326 0.999917
1317383461.067998 -160.212513 -6.874025 -2.023180 -0.003863 -0.005369 0.009230 0.999936
1317383461.172123 -162.374649 -6.922248 -2.068367 -0.003547 -0.005305 0.008598 0.999943
1317383461.276251 -164.475406 -6.983265 -2.117112 -0.003390 -0.004939 0.007734 0.999952
1317383461.380248 -166.644661 -7.033728 -2.171415 -0.002158 -0.004411 0.006749 0.999965
1317383461.484409 -168.859990 -7.084829 -2.231075 -0.000455 -0.005134 0.006909 0.999963
1317383461.588373 -171.071902 -7.167299 -2.294158 0.000345 -0.006328 0.007087 0.999955
1317383461.692527 -173.341173 -7.296930 -2.336722 -0.000819 -0.006502 0.005328 0.999964
1317383461.796494 -175.629064 -7.459669 -2.380601 0.000693 -0.007275 0.006049 0.999955
1317383461.900497 -177.961214 -7.635041 -2.423028 -0.000558 -0.007390 0.004586 0.999962
1317383462.004621 -180.281108 -7.811132 -2.472452 -0.000888 -0.007656 0.004268 0.999961
1317383462.108622 -182.596729 -7.996290 -2.511538 -0.002947 -0.007759 0.006438 0.999945
1317383462.212622 -184.969827 -8.149683 -2.562263 -0.003073 -0.007776 0.002178 0.999963
1317383462.316746 -187.333858 -8.210138 -2.610808 -0.003807 -0.007521 0.006184 0.999945
1317383462.420747 -189.774757 -8.274562 -2.668267 -0.004225 -0.006609 0.004345 0.999960
1317383462.524747 -192.239591 -8.335247 -2.738053 -0.004784 -0.006739 0.005185 0.999952
1317383462.628747 -194.768877 -8.383488 -2.822118 -0.003416 -0.007166 0.004712 0.999957
1317383462.732872 -197.309299 -8.360357 -2.895166 -0.003291 -0.007385 0.003806 0.999960
1317383462.836871 -199.797938 -8.333902 -2.960229 -0.002713 -0.008363 0.001483 0.999960
1317383462.940872 -202.259601 -8.356846 -3.032853 0.000207 -0.009429 0.000953 0.999955
1317383463.044998 -204.782639 -8.375672 -3.101457 -0.001129 -0.010497 0.001658 0.999943
1317383463.149001 -207.264959 -8.348683 -3.169297 -0.000904 -0.010964 0.001614 0.999938
1317383463.253001 -209.734938 -8.305017 -3.231188 -0.002664 -0.011344 0.003518 0.999926
1317383463.357000 -212.250809 -8.347502 -3.285937 -0.005156 -0.010128 0.003692 0.999929
1317383463.461001 -214.756093 -8.371571 -3.347431 -0.005892 -0.008399 0.002089 0.999945
1317383463.565003 -217.259097 -8.443126 -3.432951 -0.004575 -0.008028 0.004042 0.999949
1317383463.669125 -219.789410 -8.610803 -3.515028 -0.003272 -0.008544 0.005153 0.999945
1317383463.773125 -222.279961 -8.769486 -3.582114 -0.003844 -0.008845 0.008925 0.999914
1317383463.877128 -224.799293 -8.954944 -3.645093 -0.003991 -0.008425 0.011562 0.999890
1317383463.981131 -227.434874 -9.081910 -3.727153 -0.003414 -0.008696 0.012437 0.999879
1317383464.085252 -230.052436 -9.184312 -3.813259 -0.004298 -0.008731 0.012026 0.999880
1317383464.189246 -232.612336 -9.202703 -3.891286 -0.004893 -0.009869 0.007917 0.999908
1317383464.293248 -235.170557 -9.267244 -3.961495 -0.005072 -0.009397 0.008778 0.999904
1317383464.397252 -237.778035 -9.274956 -4.044295 -0.003930 -0.008357 0.011239 0.999894
1317383464.501372 -240.474291 -9.311469 -4.144100 -0.001928 -0.008952 0.012278 0.999883
1317383464.605373 -243.181734 -9.289130 -4.240375 -0.002453 -0.008935 0.009435 0.999913
1317383464.709374 -245.930786 -9.228236 -4.334804 -0.003402 -0.009797 0.008511 0.999910
1317383464.813375 -248.782433 -9.233471 -4.435008 -0.003717 -0.011599 0.007059 0.999901
1317383464.917375 -251.691419 -9.244860 -4.526708 -0.004678 -0.011450 0.010345 0.999870
1317383465.021499 -254.741966 -9.343616 -4.615643 -0.005410 -0.009626 0.012602 0.999860
1317383465.125501 -257.864142 -9.453906 -4.723566 -0.005749 -0.008113 0.011085 0.999889
1317383465.229624 -261.051829 -9.534353 -4.845992 -0.004687 -0.008275 0.008293 0.999920
1317383465.333625 -264.271239 -9.649997 -4.966096 -0.003600 -0.009437 0.012581 0.999870
1317383465.437749 -267.550270 -9.801554 -5.072075 -0.002901 -0.008878 0.018331 0.999788
1317383465.541752 -270.767184 -9.931290 -5.184348 -0.000305 -0.008679 0.019283 0.999776
1317383465.645875 -274.090886 -10.117221 -5.302634 0.000896 -0.008435 0.020875 0.999746
1317383465.750000 -277.575956 -10.242074 -5.431453 0.001526 -0.009089 0.018719 0.999782
1317383465.854124 -281.078254 -10.387754 -5.558006 0.002122 -0.009192 0.021147 0.999732
1317383465.958126 -284.617811 -10.578584 -5.685836 0.002508 -0.009391 0.022928 0.999690
1317383466.062251 -288.184147 -10.798398 -5.809395 0.003201 -0.009701 0.024648 0.999644
1317383466.166251 -291.747290 -11.047558 -5.931776 0.004418 -0.009901 0.025428 0.999618
1317383466.270376 -295.325886 -11.233273 -6.058517 0.005333 -0.009764 0.029143 0.999513
1317383466.376000 -298.933095 -11.428994 -6.184553 0.005425 -0.009949 0.030458 0.999472
1317383466.478529 -302.439631 -11.685283 -6.313794 0.006724 -0.010906 0.033224 0.999366
1317383466.582631 -306.078770 -12.002025 -6.450531 0.007892 -0.010607 0.038705 0.999163
1317383466.686625 -309.762764 -12.391463 -6.579481 0.009806 -0.009141 0.043956 0.998943
1317383466.790752 -313.457331 -12.841613 -6.720013 0.011660 -0.009138 0.049577 0.998660
1317383466.894878 -317.218873 -13.229611 -6.863525 0.012564 -0.009975 0.049891 0.998626
1317383466.998998 -321.050126 -13.649957 -6.992974 0.010992 -0.009201 0.050172 0.998638
1317383467.103135 -324.890787 -14.020075 -7.126909 0.010250 -0.009204 0.051218 0.998592
1317383467.207256 -328.766806 -14.410703 -7.278149 0.010429 -0.009748 0.051245 0.998584
1317383467.311247 -332.550768 -14.817417 -7.449156 0.014284 -0.010412 0.052692 0.998454
1317383467.415380 -336.419117 -15.246735 -7.589619 0.015328 -0.009780 0.057504 0.998180
1317383467.519504 -340.253760 -15.667704 -7.709983 0.014028 -0.010675 0.055172 0.998321
1317383467.623635 -344.167156 -16.052366 -7.853102 0.014412 -0.011434 0.049884 0.998586
1317383467.727758 -348.090910 -16.520256 -8.010855 0.015428 -0.010999 0.046759 0.998726
1317383467.831885 -352.115415 -17.005726 -8.186172 0.016912 -0.010868 0.051564 0.998467
1317383467.936004 -356.188504 -17.425814 -8.345306 0.015780 -0.011711 0.053244 0.998388
1317383468.040128 -360.235290 -17.887310 -8.496514 0.017027 -0.011970 0.054170 0.998315
1317383468.144135 -364.397460 -18.192100 -8.646652 0.015204 -0.012201 0.052437 0.998434
1317383468.248247 -368.569606 -18.665525 -8.813264 0.016560 -0.011474 0.054551 0.998308
1317383468.352384 -372.750904 -19.089501 -8.995162 0.017758 -0.012224 0.051215 0.998455
1317383468.456509 -376.855876 -19.500824 -9.177612 0.018982 -0.012460 0.053651 0.998302
