1317386426.075841 -0.000860 -0.003562 0.001271 -0.001722 -0.000558 0.004592 0.999988
1317386426.179715 0.081403 0.002828 -0.001807 -0.000696 -0.001235 0.010653 0.999942
1317386426.283468 0.182385 0.007653 0.002651 -0.000875 -0.000386 0.018166 0.999835
1317386426.387217 0.393468 0.001313 -0.001207 -0.000562 -0.000243 0.026337 0.999653
1317386426.490967 0.575565 0.010425 -0.003598 0.001292 -0.000826 0.036016 0.999350
1317386426.594719 0.697324 0.028951 -0.007574 0.000698 -0.001235 0.047981 0.998847
1317386426.698468 0.884982 0.053646 -0.003214 -0.000360 -0.001161 0.059957 0.998200
1317386426.802218 1.061181 0.092696 -0.000330 -0.002857 -0.001437 0.072756 0.997345
1317386426.905965 1.254356 0.116406 0.010005 -0.004582 -0.002177 0.086296 0.996257
1317386427.009592 1.451502 0.158693 0.006396 -0.005033 -0.002604 0.101563 0.994813
1317386427.113341 1.646784 0.187392 0.002593 -0.005326 -0.002511 0.117288 0.993081
1317386427.217092 1.814144 0.233146 0.003766 -0.006634 -0.002208 0.133797 0.990984
1317386427.320716 2.014763 0.303383 0.011302 -0.007274 -0.002017 0.151545 0.988422
1317386427.424348 2.215986 0.371212 0.008769 -0.008713 -0.001785 0.169351 0.985516
1317386427.528093 2.425970 0.447619 0.010171 -0.010305 -0.001593 0.186875 0.982328
1317386427.631842 2.632685 0.538791 0.002482 -0.011584 -0.001606 0.205544 0.978578
1317386427.735468 2.846441 0.627036 0.009801 -0.009727 -0.002017 0.225456 0.974203
1317386427.839217 3.036059 0.718817 0.000312 -0.005979 -0.002064 0.246552 0.969109
1317386427.942844 3.235535 0.822031 -0.008952 -0.006042 -0.000869 0.269009 0.963118
1317386428.046466 3.441054 0.941402 0.004110 -0.009423 0.000947 0.293294 0.955975
1317386428.149972 3.645006 1.092504 0.024463 -0.011917 0.001362 0.318308 0.947911
1317386428.253596 3.845612 1.261325 0.023848 -0.012155 0.001226 0.344883 0.938566
1317386428.357346 4.053537 1.427997 0.021051 -0.009240 0.002176 0.371574 0.928355
1317386428.460969 4.265426 1.618575 0.002934 -0.006200 0.003624 0.398838 0.916993
1317386428.564594 4.470327 1.827275 -0.000554 -0.005219 0.004472 0.425488 0.904938
1317386428.668344 4.651630 2.066102 0.002684 -0.004979 0.006381 0.452287 0.891836
1317386428.772094 4.843228 2.325162 0.000917 -0.004610 0.007681 0.479459 0.877518
1317386428.875724 5.004499 2.589575 -0.008466 -0.005204 0.008747 0.506325 0.862283
1317386428.979468 5.178048 2.871437 -0.009797 -0.005424 0.010378 0.532390 0.846418
1317386429.083221 5.341762 3.186034 -0.013573 -0.005868 0.011141 0.558067 0.829701
1317386429.186971 5.477287 3.518529 -0.020267 -0.006567 0.012663 0.582325 0.812831
1317386429.290721 5.578961 3.889399 -0.015941 -0.005832 0.015273 0.605463 0.795705
1317386429.394597 5.674279 4.281086 -0.021795 -0.004701 0.016829 0.626800 0.778984
1317386429.498600 5.754258 4.672295 -0.041719 -0.005129 0.016875 0.645809 0.763296
1317386429.602511 5.788469 5.075908 -0.062253 -0.006563 0.015456 0.662259 0.749087
1317386429.706601 5.835984 5.496465 -0.077299 -0.006709 0.014571 0.676725 0.736061
1317386429.810724 5.869314 5.933773 -0.088412 -0.005579 0.013995 0.689590 0.724043
1317386429.914846 5.886041 6.400220 -0.101134 -0.004248 0.013155 0.701273 0.712759
1317386430.018974 5.899468 6.888948 -0.113091 -0.003796 0.012414 0.711196 0.702874
1317386430.123230 5.877435 7.387238 -0.126398 -0.003686 0.011640 0.719062 0.694839
1317386430.227597 5.857821 7.885840 -0.154307 -0.002803 0.011473 0.724748 0.688913
1317386430.331973 5.798820 8.415785 -0.160091 -0.003210 0.011242 0.728816 0.684610
1317386430.436225 5.647904 8.978417 -0.172419 -0.004039 0.011163 0.731313 0.681939
1317386430.540597 5.521904 9.572864 -0.181706 -0.006053 0.010740 0.733169 0.679935
1317386430.644849 5.399329 10.185678 -0.196539 -0.006773 0.010933 0.734548 0.678435
1317386430.749225 5.389268 10.768804 -0.206327 -0.005587 0.012184 0.734821 0.678129
1317386430.853472 5.374512 11.374298 -0.220141 -0.004013 0.014591 0.734134 0.678836
1317386430.957848 5.338529 11.981954 -0.221206 -0.004600 0.016108 0.733660 0.679310
1317386431.062101 5.280965 12.634216 -0.238187 -0.006815 0.015469 0.733164 0.679842
1317386431.166353 5.196555 13.309511 -0.243558 -0.005408 0.015088 0.732503 0.680575
1317386431.270609 5.145697 14.013570 -0.267054 -0.005772 0.013927 0.732098 0.681032
1317386431.374722 5.093087 14.729197 -0.292127 -0.006356 0.014595 0.731353 0.681813
1317386431.478978 5.049747 15.448178 -0.306278 -0.009455 0.014632 0.730806 0.682363
1317386431.583100 4.977803 16.179978 -0.300409 -0.011257 0.015319 0.729926 0.683262
1317386431.687226 4.931604 16.905221 -0.330431 -0.011720 0.015346 0.729674 0.683522
1317386431.791347 4.875967 17.671116 -0.361431 -0.009365 0.015675 0.729142 0.684119
1317386431.895345 4.817130 18.464445 -0.405582 -0.009681 0.013464 0.728405 0.684946
1317386431.999473 4.764580 19.264710 -0.419621 -0.009675 0.014904 0.727978 0.685370
1317386432.103596 4.727376 20.037989 -0.431122 -0.010484 0.015534 0.727772 0.685564
1317386432.207601 4.668944 20.837108 -0.451417 -0.011065 0.016901 0.727203 0.686125
1317386432.311720 4.616828 21.672836 -0.474785 -0.010238 0.016686 0.727095 0.686257
1317386432.415720 4.563127 22.464921 -0.493505 -0.006037 0.015012 0.726924 0.686527
1317386432.519719 4.515286 23.271490 -0.534931 -0.002892 0.013709 0.727103 0.686385
1317386432.623723 4.470546 24.086547 -0.569432 -0.002137 0.013391 0.727200 0.686292
1317386432.727721 4.414400 24.925923 -0.574992 -0.006328 0.014323 0.727587 0.685837
1317386432.831597 4.366909 25.798234 -0.574259 -0.010606 0.016550 0.727570 0.685752
1317386432.935601 4.309267 26.638172 -0.585089 -0.013507 0.018356 0.727813 0.685397
1317386433.039596 4.257079 27.464198 -0.604734 -0.014887 0.018714 0.727981 0.685180
1317386433.143598 4.194457 28.278718 -0.632557 -0.013399 0.018041 0.728039 0.685168
1317386433.247474 4.143602 29.112408 -0.676458 -0.010372 0.017982 0.728221 0.685028
1317386433.351474 4.096035 29.927186 -0.715194 -0.010924 0.016928 0.728460 0.684792
1317386433.455347 4.041108 30.750387 -0.728813 -0.013586 0.017165 0.728335 0.684871
1317386433.559349 3.978722 31.594038 -0.730661 -0.013957 0.016847 0.728421 0.684781
1317386433.663348 3.914341 32.429871 -0.770768 -0.012232 0.015503 0.728276 0.684999
1317386433.767348 3.853301 33.274740 -0.814184 -0.010029 0.013470 0.728153 0.685209
1317386433.871348 3.801458 34.120181 -0.845060 -0.010174 0.012603 0.727967 0.685421
1317386433.975222 3.743125 34.957188 -0.848097 -0.011682 0.013495 0.727870 0.685483
1317386434.079228 3.693006 35.761419 -0.846227 -0.013755 0.014770 0.727624 0.685679
1317386434.183223 3.634830 36.602502 -0.864833 -0.016108 0.016502 0.727392 0.685835
1317386434.287100 3.585958 37.443519 -0.895302 -0.016668 0.019120 0.727521 0.685616
1317386434.391099 3.531108 38.290185 -0.926926 -0.016586 0.020325 0.727291 0.685828
1317386434.495104 3.477219 39.127861 -0.963850 -0.013956 0.020305 0.727260 0.685920
1317386434.599102 3.419375 39.973860 -1.000057 -0.012328 0.017782 0.727123 0.686166
1317386434.703102 3.358726 40.792048 -1.035251 -0.012795 0.015288 0.726987 0.686362
1317386434.806973 3.304836 41.607201 -1.064478 -0.014491 0.012821 0.727246 0.686104
1317386434.910977 3.250854 42.452933 -1.073617 -0.013298 0.012974 0.727554 0.685799
1317386435.014849 3.203555 43.274886 -1.089879 -0.010688 0.013455 0.727870 0.685500
1317386435.118847 3.149091 44.097663 -1.123994 -0.007391 0.014034 0.728314 0.685060
1317386435.222723 3.093923 44.912339 -1.157013 -0.007908 0.015252 0.728732 0.684584
1317386435.326727 3.041279 45.729727 -1.167540 -0.011370 0.016351 0.729437 0.683758
1317386435.430599 2.981888 46.547024 -1.153800 -0.011918 0.020737 0.729979 0.683051
1317386435.534475 2.933583 47.372647 -1.174867 -0.011375 0.021126 0.730592 0.682393
1317386435.638473 2.869190 48.183098 -1.206184 -0.010198 0.019448 0.730924 0.682106
1317386435.742350 2.788860 48.980557 -1.254307 -0.009894 0.016605 0.731287 0.681796
1317386435.846348 2.718195 49.780104 -1.279759 -0.010810 0.014359 0.731850 0.681228
1317386435.950223 2.656090 50.570147 -1.290797 -0.012685 0.013390 0.732298 0.680734
1317386436.054099 2.597648 51.353807 -1.299379 -0.013937 0.013834 0.732631 0.680343
1317386436.158098 2.535408 52.144432 -1.308509 -0.014201 0.014023 0.732968 0.679971
1317386436.261974 2.456304 52.950376 -1.340022 -0.014498 0.013338 0.733289 0.679632
1317386436.365974 2.401168 53.725938 -1.359488 -0.014940 0.013690 0.733387 0.679510
1317386436.469851 2.349113 54.509361 -1.382923 -0.015002 0.014817 0.733520 0.679341
1317386436.573849 2.278348 55.279630 -1.402027 -0.017503 0.016004 0.733440 0.679340
1317386436.677724 2.210144 56.057775 -1.415847 -0.018396 0.017543 0.733484 0.679232
1317386436.781725 2.141355 56.824903 -1.442034 -0.018014 0.018093 0.733861 0.678820
1317386436.885600 2.085523 57.565931 -1.470756 -0.016954 0.018358 0.733945 0.678749
1317386436.989598 2.020809 58.305382 -1.500171 -0.013979 0.018873 0.733917 0.678833
1317386437.093475 1.954642 59.043136 -1.524603 -0.012761 0.017432 0.733967 0.678842
1317386437.197477 1.896861 59.758403 -1.552145 -0.012664 0.015791 0.733593 0.679288
1317386437.301477 1.841145 60.457109 -1.568171 -0.012791 0.014653 0.732833 0.680131
1317386437.405476 1.788842 61.145412 -1.580588 -0.013591 0.015101 0.731573 0.681460
1317386437.509599 1.749034 61.820797 -1.590764 -0.014551 0.015248 0.729478 0.683680
1317386437.613601 1.691121 62.464728 -1.598703 -0.014832 0.016348 0.726970 0.686314
1317386437.717725 1.643350 63.092508 -1.611825 -0.015410 0.017174 0.724141 0.689266
1317386437.821850 1.607689 63.722890 -1.630700 -0.015982 0.017601 0.720133 0.693428
1317386437.925976 1.581712 64.341808 -1.650991 -0.017927 0.016867 0.715085 0.698604
1317386438.030227 1.568018 64.921004 -1.664405 -0.019350 0.016613 0.708831 0.704917
1317386438.134476 1.550453 65.520273 -1.682128 -0.019746 0.016959 0.699974 0.713694
1317386438.238727 1.537297 66.095533 -1.712079 -0.019525 0.016969 0.690212 0.723145
1317386438.343099 1.567426 66.645004 -1.734311 -0.017956 0.017807 0.679000 0.733702
1317386438.447476 1.624016 67.164939 -1.755286 -0.017515 0.018369 0.665827 0.745675
1317386438.551849 1.660684 67.668310 -1.769504 -0.017031 0.019370 0.650860 0.758760
1317386438.656226 1.732817 68.166699 -1.780055 -0.015944 0.020128 0.634439 0.772546
1317386438.760725 1.804389 68.648086 -1.799176 -0.015945 0.021168 0.616094 0.787227
1317386438.865102 1.901646 69.136256 -1.813800 -0.014392 0.022171 0.596066 0.802500
1317386438.969600 2.032048 69.604193 -1.817248 -0.010291 0.023712 0.574776 0.817903
1317386439.073977 2.189830 70.046661 -1.839319 -0.006429 0.023968 0.552519 0.833131
1317386439.178476 2.374676 70.483064 -1.869313 -0.003466 0.024128 0.528878 0.848348
1317386439.282855 2.572597 70.900664 -1.914679 -0.003086 0.024290 0.504264 0.863202
1317386439.387103 2.775019 71.304496 -1.922478 -0.004162 0.024393 0.480326 0.876741
1317386439.491479 3.007249 71.663457 -1.906492 -0.001827 0.026084 0.457172 0.888994
1317386439.595731 3.287999 71.997681 -1.906847 0.003337 0.029329 0.434002 0.900428
1317386439.699976 3.578910 72.312372 -1.942089 0.006107 0.030238 0.410309 0.911425
1317386439.804233 3.858876 72.632773 -1.971555 0.005241 0.026783 0.385350 0.922367
1317386439.908486 4.150021 72.941140 -2.006387 0.005468 0.020357 0.359754 0.932809
1317386440.012726 4.468720 73.261836 -2.041916 0.005064 0.014650 0.332525 0.942967
1317386440.116978 4.832502 73.574021 -2.061017 0.003510 0.011321 0.304908 0.952308
1317386440.221225 5.246109 73.869633 -2.049210 0.002835 0.011179 0.277209 0.960740
1317386440.325352 5.664579 74.124571 -2.065976 0.001880 0.009499 0.249472 0.968334
1317386440.429478 6.102349 74.348068 -2.076410 0.001264 0.009642 0.222652 0.974849
1317386440.533480 6.570920 74.559923 -2.077035 -0.002410 0.010303 0.198731 0.979997
1317386440.637476 7.074627 74.762767 -2.086198 -0.005326 0.008497 0.177251 0.984115
1317386440.741357 7.633417 74.944273 -2.103864 -0.007712 0.007984 0.157600 0.987441
1317386440.845107 8.203298 75.109253 -2.105569 -0.008543 0.008601 0.142252 0.989756
1317386440.948730 8.818077 75.256237 -2.104721 -0.008889 0.009812 0.129632 0.991474
1317386441.052480 9.437635 75.402477 -2.115706 -0.008588 0.010413 0.119611 0.992729
1317386441.156231 10.050350 75.555804 -2.131892 -0.009481 0.011729 0.110208 0.993794
1317386441.259982 10.668957 75.701843 -2.146553 -0.011009 0.012580 0.102511 0.994591
1317386441.363605 11.314264 75.835161 -2.156313 -0.014618 0.013407 0.096631 0.995123
1317386441.467355 11.989390 75.966030 -2.162489 -0.013291 0.013138 0.090171 0.995751
1317386441.571109 12.670621 76.081807 -2.190425 -0.011724 0.012940 0.084147 0.996300
1317386441.674855 13.374748 76.186080 -2.214272 -0.012210 0.013460 0.076896 0.996873
1317386441.778604 14.088497 76.297354 -2.224228 -0.013504 0.013671 0.069294 0.997411
1317386441.882482 14.791452 76.436820 -2.232008 -0.013778 0.013016 0.062601 0.997859
1317386441.986230 15.502893 76.538835 -2.241746 -0.014941 0.011129 0.056698 0.998218
1317386442.090107 16.242251 76.613079 -2.261392 -0.013538 0.007433 0.052074 0.998524
1317386442.193854 17.009790 76.675912 -2.301440 -0.014039 0.005775 0.047811 0.998741
1317386442.297606 17.784726 76.732484 -2.312927 -0.016153 0.008445 0.044597 0.998839
1317386442.401486 18.564472 76.805385 -2.291975 -0.021582 0.012981 0.041812 0.998808
1317386442.505232 19.352497 76.885930 -2.273682 -0.022058 0.016339 0.039532 0.998841
1317386442.608983 20.101228 76.969630 -2.295161 -0.019094 0.015912 0.037451 0.998989
1317386442.712731 20.872208 77.042339 -2.340089 -0.018162 0.015407 0.035917 0.999071
1317386442.816608 21.628635 77.102299 -2.366886 -0.018839 0.015346 0.034698 0.999102
1317386442.920357 22.396983 77.145054 -2.377366 -0.018198 0.017241 0.032922 0.999143
1317386443.024237 23.166247 77.195684 -2.369152 -0.017930 0.018631 0.031601 0.999166
1317386443.127979 23.939230 77.249619 -2.380202 -0.017433 0.018107 0.029843 0.999239
1317386443.231857 24.700784 77.300722 -2.418106 -0.016228 0.014417 0.028485 0.999358
1317386443.335728 25.444968 77.351789 -2.455236 -0.016061 0.009900 0.028114 0.999427
1317386443.439478 26.208253 77.393252 -2.474522 -0.017257 0.006894 0.027513 0.999449
1317386443.543352 26.961058 77.439979 -2.473481 -0.019258 0.007630 0.027174 0.999416
1317386443.647229 27.728921 77.495800 -2.461464 -0.021301 0.009937 0.025551 0.999397
1317386443.751103 28.493812 77.544961 -2.448326 -0.024420 0.013170 0.024251 0.999321
1317386443.854855 29.247028 77.593886 -2.452431 -0.022715 0.014568 0.023015 0.999371
1317386443.958728 29.987439 77.626740 -2.474545 -0.019890 0.014257 0.021916 0.999460
1317386444.062604 30.733420 77.654812 -2.496350 -0.017845 0.014311 0.021600 0.999505
1317386444.166478 31.487052 77.681411 -2.510125 -0.019167 0.013940 0.021079 0.999497
1317386444.270230 32.260311 77.725531 -2.526305 -0.018292 0.012728 0.020605 0.999539
1317386444.374104 33.024730 77.768341 -2.539541 -0.017711 0.012793 0.020325 0.999555
1317386444.477980 33.795904 77.800554 -2.548022 -0.019318 0.013582 0.020031 0.999520
1317386444.581855 34.574140 77.843691 -2.563984 -0.020175 0.013458 0.019838 0.999509
1317386444.685728 35.355747 77.877513 -2.580043 -0.017970 0.013265 0.020587 0.999539
1317386444.789604 36.143448 77.899858 -2.598829 -0.018499 0.012958 0.021519 0.999513
1317386444.893357 36.931096 77.937998 -2.619358 -0.019186 0.013768 0.023218 0.999451
1317386444.997228 37.736007 77.994665 -2.628133 -0.019330 0.014224 0.024658 0.999408
1317386445.101105 38.544191 78.049833 -2.643475 -0.021395 0.012144 0.026141 0.999356
1317386445.204855 39.366891 78.093058 -2.663125 -0.019349 0.009381 0.027337 0.999395
1317386445.308730 40.181783 78.139169 -2.693540 -0.019465 0.008697 0.028129 0.999377
1317386445.412604 41.005804 78.196125 -2.706419 -0.020456 0.009278 0.029337 0.999317
1317386445.516479 41.847163 78.251708 -2.703144 -0.019634 0.010661 0.030156 0.999295
1317386445.620358 42.687952 78.311305 -2.709582 -0.017404 0.011349 0.031548 0.999286
1317386445.724235 43.528502 78.362522 -2.729014 -0.019305 0.012759 0.032169 0.999215
1317386445.828236 44.372325 78.423723 -2.743812 -0.018119 0.015146 0.032294 0.999199
1317386445.932108 45.237544 78.482331 -2.757798 -0.018882 0.017362 0.032677 0.999137
1317386446.035983 46.102047 78.539075 -2.779017 -0.019559 0.017450 0.031136 0.999171
1317386446.139985 46.963583 78.608978 -2.804222 -0.018607 0.017291 0.030139 0.999223
1317386446.243860 47.810996 78.669353 -2.827411 -0.019132 0.015648 0.029198 0.999268
1317386446.347855 48.670505 78.722288 -2.849251 -0.016615 0.014593 0.028438 0.999351
1317386446.451734 49.547884 78.774489 -2.878019 -0.015350 0.014275 0.027341 0.999406
1317386446.555610 50.421544 78.823839 -2.894284 -0.016331 0.015126 0.026995 0.999388
1317386446.659610 51.294755 78.875218 -2.897901 -0.014957 0.017650 0.026423 0.999383
1317386446.763486 52.180108 78.923156 -2.908544 -0.015089 0.017981 0.026332 0.999378
1317386446.867359 53.059935 78.975300 -2.927370 -0.015703 0.016702 0.025560 0.999410
1317386446.971235 53.920193 79.033249 -2.951975 -0.017338 0.013577 0.025264 0.999438
1317386447.075356 54.774149 79.078786 -2.978316 -0.017368 0.010620 0.024862 0.999484
1317386447.179230 55.617955 79.138002 -3.000084 -0.019589 0.007469 0.024207 0.999487
1317386447.283231 56.470899 79.188629 -3.013873 -0.020886 0.005833 0.023919 0.999479
1317386447.387108 57.323144 79.231695 -3.021578 -0.020638 0.008557 0.023677 0.999470
1317386447.490982 58.179349 79.266384 -3.009270 -0.022341 0.014474 0.024012 0.999357
1317386447.594980 59.031466 79.307623 -2.983089 -0.024499 0.019221 0.024258 0.999221
1317386447.698859 59.864691 79.354212 -2.988061 -0.022794 0.018982 0.025543 0.999234
1317386447.802734 60.688155 79.400867 -3.033855 -0.017621 0.015668 0.027060 0.999356
1317386447.906859 61.528000 79.452767 -3.078557 -0.016617 0.014827 0.028166 0.999355
1317386448.010733 62.370047 79.508028 -3.097588 -0.017926 0.013976 0.029627 0.999303
1317386448.114611 63.184108 79.557290 -3.095527 -0.017087 0.012934 0.031386 0.999278
1317386448.218483 63.995916 79.609703 -3.099751 -0.020729 0.010931 0.033496 0.999164
1317386448.322482 64.801516 79.666003 -3.118026 -0.019072 0.008830 0.035499 0.999149
1317386448.426481 65.612676 79.732119 -3.143402 -0.021454 0.008678 0.036770 0.999056
1317386448.530356 66.414790 79.802356 -3.154794 -0.023781 0.009118 0.038679 0.998927
1317386448.634357 67.224100 79.875925 -3.165285 -0.025474 0.012237 0.040873 0.998765
1317386448.738238 68.024457 79.946491 -3.160396 -0.026293 0.016230 0.042756 0.998608
1317386448.842108 68.810289 80.014962 -3.153429 -0.027390 0.017701 0.044966 0.998456
1317386448.946107 69.601007 80.087525 -3.173603 -0.026542 0.018182 0.048548 0.998303
1317386449.050107 70.380198 80.168238 -3.191883 -0.026278 0.019737 0.051373 0.998139
1317386449.153983 71.170175 80.250315 -3.220221 -0.025107 0.020381 0.054973 0.997964
1317386449.257859 71.938169 80.342575 -3.246368 -0.025132 0.020091 0.058135 0.997790
1317386449.361857 72.701628 80.437565 -3.268334 -0.026576 0.018830 0.060795 0.997619
1317386449.465734 73.463553 80.536710 -3.285919 -0.025765 0.016566 0.063918 0.997485
1317386449.569732 74.230326 80.646337 -3.312445 -0.025964 0.016150 0.066631 0.997309
1317386449.673608 74.994168 80.761734 -3.338340 -0.027340 0.017676 0.068730 0.997104
1317386449.777607 75.769141 80.883923 -3.362155 -0.029334 0.020469 0.071428 0.996804
1317386449.881487 76.528948 80.996404 -3.371409 -0.030279 0.021898 0.074651 0.996509
1317386449.985482 77.283546 81.109291 -3.380789 -0.026330 0.021237 0.078500 0.996340
1317386450.089359 78.038851 81.235874 -3.414342 -0.022129 0.017658 0.082495 0.996189
1317386450.193234 78.782820 81.367097 -3.460501 -0.021377 0.015941 0.087359 0.995820
1317386450.297108 79.521095 81.494964 -3.496973 -0.026793 0.017036 0.092845 0.995174
1317386450.400985 80.279901 81.633767 -3.521296 -0.027994 0.019443 0.098661 0.994537
1317386450.504860 81.030452 81.785406 -3.546765 -0.030242 0.023452 0.104706 0.993767
1317386450.608735 81.757546 81.947853 -3.545733 -0.027841 0.026642 0.110280 0.993153
1317386450.712609 82.467979 82.123636 -3.545962 -0.024829 0.025866 0.116139 0.992586
1317386450.816484 83.177214 82.307221 -3.576617 -0.024540 0.020526 0.122452 0.991959
1317386450.920359 83.891374 82.490103 -3.625394 -0.022739 0.017623 0.128617 0.991277
1317386451.024235 84.603531 82.673274 -3.686989 -0.025125 0.018950 0.134875 0.990363
1317386451.128110 85.318932 82.873148 -3.733218 -0.026861 0.023287 0.140458 0.989448
1317386451.231986 86.029193 83.094126 -3.748583 -0.025218 0.027067 0.146087 0.988580
1317386451.335885 86.768233 83.329605 -3.752567 -0.021996 0.027041 0.153041 0.987605
1317386451.439867 87.528385 83.564725 -3.773044 -0.019622 0.024702 0.159040 0.986768
1317386451.543735 88.234755 83.802788 -3.818460 -0.017101 0.021764 0.164003 0.986071
1317386451.647611 88.923280 84.053867 -3.855648 -0.015374 0.019225 0.167741 0.985524
1317386451.751610 89.624185 84.309159 -3.901669 -0.015157 0.018171 0.171896 0.984831
1317386451.855608 90.326145 84.571330 -3.937381 -0.019899 0.017275 0.176189 0.984004
1317386451.959482 91.035963 84.847869 -3.960844 -0.022101 0.017701 0.180153 0.983231
1317386452.063360 91.741032 85.109182 -3.988151 -0.022054 0.021153 0.184262 0.982402
1317386452.167361 92.464863 85.377718 -4.025270 -0.021166 0.025379 0.188484 0.981520
1317386452.271237 93.187122 85.667625 -4.056595 -0.024877 0.028911 0.191093 0.980831
1317386452.375237 93.899644 85.987088 -4.072451 -0.026700 0.028477 0.194243 0.980176
1317386452.479243 94.577280 86.302696 -4.104743 -0.024124 0.024234 0.197154 0.979776
1317386452.583233 95.266382 86.594944 -4.154642 -0.019122 0.020787 0.199804 0.979429
1317386452.687234 95.952838 86.883551 -4.215719 -0.018767 0.019997 0.202265 0.978947
1317386452.791110 96.659954 87.189222 -4.261685 -0.025319 0.021466 0.204504 0.978303
1317386452.895117 97.368255 87.509108 -4.272420 -0.027912 0.023910 0.207065 0.977637
1317386452.998986 98.100269 87.841586 -4.268365 -0.027007 0.024134 0.209996 0.977031
1317386453.102861 98.822302 88.161074 -4.299529 -0.022912 0.021401 0.212724 0.976609
1317386453.206860 99.533217 88.493608 -4.355717 -0.021166 0.017906 0.215156 0.976186
1317386453.310735 100.225004 88.828493 -4.423933 -0.022277 0.016132 0.217945 0.975573
1317386453.414736 100.907143 89.161565 -4.455902 -0.025646 0.018109 0.220244 0.974940
1317386453.518614 101.586745 89.496359 -4.468749 -0.026853 0.020273 0.222016 0.974462
1317386453.622519 102.269897 89.833607 -4.484568 -0.027317 0.019576 0.224564 0.973880
1317386453.726360 102.972595 90.177999 -4.501937 -0.026178 0.019994 0.227522 0.973216
1317386453.830362 103.669597 90.524348 -4.535650 -0.024089 0.019878 0.229690 0.972763
1317386453.934239 104.367986 90.879271 -4.572785 -0.023899 0.020706 0.231804 0.972248
1317386454.038236 105.040360 91.229695 -4.606653 -0.023376 0.021072 0.234027 0.971720
1317386454.142112 105.697628 91.577013 -4.633420 -0.023176 0.021326 0.236332 0.971162
1317386454.245986 106.350541 91.921990 -4.653331 -0.021207 0.020247 0.238757 0.970637
1317386454.349986 107.015657 92.271812 -4.679367 -0.019378 0.018263 0.241174 0.970117
1317386454.453861 107.687598 92.632028 -4.716428 -0.019124 0.016450 0.243247 0.969636
1317386454.557862 108.349671 92.992458 -4.763923 -0.021605 0.017107 0.245098 0.969107
1317386454.661739 108.989127 93.346973 -4.791883 -0.024475 0.020691 0.247276 0.968415
1317386454.765735 109.620037 93.695248 -4.799876 -0.026824 0.025877 0.248657 0.967874
1317386454.869615 110.231930 94.044481 -4.799168 -0.024355 0.030020 0.250259 0.967407
1317386454.973611 110.837622 94.385062 -4.819419 -0.020114 0.030827 0.251814 0.967075
1317386455.077487 111.435749 94.724446 -4.863315 -0.017821 0.029932 0.253717 0.966651
1317386455.181360 112.023092 95.052914 -4.911802 -0.016542 0.028197 0.255155 0.966347
1317386455.285360 112.580075 95.377154 -4.951867 -0.015778 0.027681 0.256889 0.965915
1317386455.389238 113.110817 95.688288 -4.977841 -0.015469 0.027744 0.257873 0.965656
1317386455.493112 113.623133 95.986440 -5.004751 -0.015610 0.028412 0.258951 0.965346
1317386455.597112 114.122798 96.279696 -5.024911 -0.017061 0.028863 0.260372 0.964926
1317386455.700987 114.619474 96.563798 -5.048138 -0.016115 0.029619 0.261345 0.964656
1317386455.804861 115.095269 96.840036 -5.072359 -0.014193 0.030184 0.262641 0.964317
1317386455.908738 115.527868 97.106145 -5.094142 -0.013948 0.030132 0.263943 0.963967
1317386456.012738 115.935560 97.365682 -5.116269 -0.012608 0.029257 0.264834 0.963768
1317386456.116610 116.320720 97.613716 -5.141236 -0.012803 0.026981 0.266237 0.963445
1317386456.220363 116.711075 97.849139 -5.170103 -0.010792 0.025461 0.268081 0.962999
1317386456.324238 117.081308 98.054728 -5.188051 -0.008541 0.026180 0.270200 0.962410
1317386456.428111 117.430065 98.247215 -5.202891 -0.008983 0.027409 0.272831 0.961630
1317386456.531987 117.745798 98.458661 -5.221062 -0.011079 0.027918 0.276470 0.960553
1317386456.635862 118.057145 98.686478 -5.237086 -0.014916 0.028916 0.279999 0.959449
1317386456.739614 118.366482 98.880610 -5.248734 -0.017397 0.031903 0.282929 0.958452
1317386456.843489 118.644859 99.056832 -5.253345 -0.016782 0.034775 0.286532 0.957292
1317386456.947239 118.916311 99.224932 -5.261349 -0.014682 0.036092 0.290715 0.956016
1317386457.051115 119.158378 99.382215 -5.283935 -0.012139 0.036992 0.295769 0.954466
1317386457.154741 119.376581 99.540648 -5.304189 -0.010177 0.038262 0.302483 0.952332
1317386457.258488 119.575062 99.673469 -5.320609 -0.009913 0.039059 0.309702 0.949979
1317386457.362116 119.762228 99.827114 -5.330817 -0.010860 0.038947 0.318927 0.946916
1317386457.465863 119.932592 99.960521 -5.336973 -0.010384 0.038202 0.328897 0.943536
1317386457.569490 120.095984 100.085342 -5.349554 -0.009277 0.036019 0.339046 0.940034
1317386457.673239 120.259519 100.204670 -5.358688 -0.008039 0.033392 0.348967 0.936506
1317386457.776988 120.410090 100.324227 -5.383231 -0.008330 0.031244 0.358836 0.932840
1317386457.880738 120.554724 100.458275 -5.412462 -0.011811 0.029140 0.368762 0.928992
1317386457.984489 120.676418 100.631067 -5.423776 -0.013911 0.027865 0.380147 0.924402
1317386458.088115 120.788038 100.779589 -5.423081 -0.012526 0.028439 0.391312 0.919733
1317386458.191866 120.926196 100.921627 -5.442990 -0.010084 0.030128 0.403159 0.914578
1317386458.295622 121.064062 101.045650 -5.463113 -0.010032 0.031795 0.415132 0.909150
1317386458.399239 121.206890 101.195449 -5.479412 -0.012391 0.032407 0.428620 0.902818
1317386458.502989 121.334018 101.361887 -5.489670 -0.013738 0.033470 0.441661 0.896452
1317386458.606738 121.437014 101.524251 -5.490369 -0.015068 0.034394 0.455455 0.889467
1317386458.710364 121.533164 101.670660 -5.498661 -0.015844 0.035014 0.468551 0.882600
1317386458.814116 121.632672 101.831673 -5.514087 -0.017976 0.035106 0.482108 0.875224
1317386458.917988 121.729182 102.002986 -5.517607 -0.019844 0.035678 0.495721 0.867522
1317386459.021616 121.823364 102.167543 -5.517407 -0.019070 0.036113 0.509597 0.859444
1317386459.125365 121.928122 102.353696 -5.528667 -0.017196 0.035228 0.524425 0.850554
1317386459.229115 122.035278 102.570899 -5.548363 -0.015749 0.033600 0.540371 0.840608
1317386459.332740 122.127115 102.803223 -5.576825 -0.014226 0.032781 0.557019 0.829730
1317386459.436363 122.218071 103.053551 -5.601218 -0.013286 0.032699 0.575119 0.817308
1317386459.539989 122.304562 103.326096 -5.621457 -0.012391 0.032435 0.593694 0.803942
1317386459.643741 122.373134 103.612861 -5.641151 -0.010624 0.032184 0.612573 0.789687
1317386459.747365 122.425044 103.913821 -5.666545 -0.008763 0.031877 0.632033 0.774236
1317386459.851117 122.474297 104.206096 -5.686720 -0.008257 0.031733 0.651354 0.758065
1317386459.954741 122.524179 104.541073 -5.711712 -0.007824 0.032850 0.671036 0.740655
1317386460.058488 122.558978 104.897896 -5.729798 -0.007166 0.034646 0.690753 0.722225
1317386460.162239 122.575416 105.276576 -5.747403 -0.006007 0.037055 0.710221 0.702977
1317386460.265990 122.585166 105.670146 -5.761025 -0.004455 0.039065 0.729114 0.683262
1317386460.369742 122.566076 106.060123 -5.778581 -0.003437 0.040863 0.747422 0.663083
1317386460.473492 122.520546 106.458425 -5.797813 -0.002655 0.042041 0.764805 0.642883
1317386460.577365 122.453747 106.859088 -5.818441 -0.001531 0.043328 0.780907 0.623141
1317386460.681246 122.353484 107.281932 -5.840784 0.000415 0.045051 0.796335 0.603176
1317386460.784992 122.227679 107.725038 -5.863475 0.002926 0.047098 0.811172 0.582901
1317386460.888864 122.079503 108.179241 -5.887019 0.004591 0.048815 0.824822 0.563263
1317386460.992869 121.895216 108.630807 -5.909681 0.005729 0.050125 0.837711 0.543779
1317386461.096742 121.679881 109.097373 -5.934573 0.007072 0.051126 0.849219 0.525512
1317386461.200742 121.441294 109.564857 -5.958084 0.007664 0.051090 0.859465 0.508577
1317386461.304991 121.192305 110.022454 -5.974555 0.007883 0.050625 0.867620 0.494580
1317386461.409116 120.937872 110.508628 -5.991237 0.007972 0.049613 0.874267 0.482837
1317386461.513367 120.639418 111.005705 -6.011785 0.008163 0.047856 0.879238 0.473903
1317386461.617620 120.315529 111.486407 -6.032374 0.008206 0.047633 0.882724 0.467400
1317386461.721991 119.969352 111.960024 -6.044236 0.008105 0.048004 0.885069 0.462906
1317386461.826245 119.594630 112.439241 -6.053916 0.008256 0.048967 0.887407 0.458304
1317386461.930490 119.208540 112.926346 -6.067409 0.008245 0.050359 0.889464 0.454147
1317386462.034746 118.837348 113.441521 -6.083555 0.007839 0.050173 0.891321 0.450519
1317386462.138994 118.443649 113.997000 -6.101240 0.007462 0.049718 0.892604 0.448029
1317386462.243245 118.011147 114.584498 -6.120471 0.007564 0.050411 0.893762 0.445635
1317386462.347370 117.569616 115.183482 -6.138831 0.008009 0.051034 0.894663 0.443745
1317386462.451621 117.112071 115.791720 -6.159878 0.007853 0.051596 0.895411 0.442171
1317386462.555744 116.649397 116.405622 -6.180158 0.007786 0.052008 0.895959 0.441012
1317386462.659869 116.175354 117.031285 -6.201375 0.008011 0.051703 0.895786 0.441396
1317386462.764116 115.668863 117.662235 -6.217844 0.008398 0.051823 0.895893 0.441158
1317386462.868122 115.161058 118.303188 -6.242786 0.009344 0.052040 0.896131 0.440630
1317386462.972242 114.650732 118.964238 -6.266622 0.009307 0.052616 0.895999 0.440830
1317386463.076365 114.115731 119.652545 -6.291043 0.007729 0.051701 0.896509 0.439931
1317386463.180492 113.597261 120.340199 -6.310045 0.005808 0.051706 0.896742 0.439484
1317386463.284495 113.066724 121.014821 -6.323115 0.005909 0.052270 0.896810 0.439278
1317386463.388617 112.511489 121.708336 -6.348925 0.007135 0.052423 0.897202 0.438439
1317386463.492616 111.946117 122.417197 -6.384609 0.008698 0.053141 0.897352 0.438018
1317386463.596619 111.384863 123.132721 -6.414810 0.009043 0.053604 0.897504 0.437642
1317386463.700618 110.799556 123.865363 -6.437381 0.009400 0.054523 0.897688 0.437144
1317386463.804617 110.218619 124.606402 -6.455887 0.009874 0.053465 0.898303 0.436000
1317386463.908619 109.637911 125.344264 -6.478641 0.011886 0.052742 0.898531 0.435567
1317386464.012616 109.035447 126.099875 -6.507247 0.013822 0.051529 0.898786 0.435129
1317386464.116494 108.425387 126.854727 -6.519462 0.013412 0.049706 0.898895 0.435130
1317386464.220495 107.801720 127.621018 -6.529192 0.011703 0.048237 0.898838 0.435462
1317386464.324492 107.185595 128.396310 -6.537185 0.009977 0.048548 0.899027 0.435079
1317386464.428367 106.569049 129.179815 -6.547551 0.008999 0.049709 0.898794 0.435451
1317386464.532368 105.946544 129.973201 -6.565233 0.008036 0.050625 0.898906 0.435132
1317386464.636246 105.319019 130.764393 -6.584289 0.008224 0.051833 0.898899 0.435002
1317386464.740244 104.702534 131.546270 -6.600688 0.008210 0.052713 0.898957 0.434776
1317386464.844119 104.077401 132.309980 -6.619327 0.007594 0.051842 0.899104 0.434587
1317386464.948005 103.451960 133.077583 -6.636525 0.007119 0.051741 0.899069 0.434681
1317386465.052004 102.823058 133.854300 -6.659413 0.006218 0.051749 0.899006 0.434824
1317386465.155868 102.197963 134.640682 -6.676228 0.005587 0.052389 0.899315 0.434116
1317386465.259866 101.588583 135.412405 -6.704442 0.005566 0.052664 0.899393 0.433922
1317386465.363756 100.984623 136.168000 -6.729451 0.006238 0.052898 0.899552 0.433553
1317386465.467631 100.383661 136.917684 -6.751052 0.007108 0.053407 0.899748 0.433072
1317386465.571614 99.755630 137.688875 -6.765255 0.006733 0.053394 0.900078 0.432393
1317386465.675501 99.137334 138.448034 -6.783808 0.006664 0.052798 0.900282 0.432043
1317386465.779365 98.514034 139.208297 -6.807486 0.006774 0.052670 0.900590 0.431413
1317386465.883252 97.900502 139.969212 -6.831940 0.007093 0.052185 0.900687 0.431265
1317386465.987125 97.292791 140.722593 -6.850437 0.006828 0.051373 0.900722 0.431293
1317386466.090994 96.676128 141.487546 -6.870091 0.006071 0.050665 0.900760 0.431310
1317386466.195000 96.051977 142.252809 -6.883265 0.005119 0.049421 0.900690 0.431612
1317386466.298877 95.436295 143.013810 -6.907945 0.005269 0.048536 0.900424 0.432266
1317386466.402784 94.823704 143.771846 -6.936622 0.005955 0.048062 0.900181 0.432815
1317386466.506752 94.214547 144.523829 -6.956359 0.006413 0.048633 0.899669 0.433809
1317386466.610623 93.614487 145.279810 -6.967126 0.005287 0.048767 0.899429 0.434306
1317386466.714502 93.003230 146.049013 -6.982276 0.003702 0.050226 0.899064 0.434911
1317386466.818376 92.392583 146.813868 -7.002475 0.001041 0.053302 0.898811 0.435082
1317386466.922249 91.764109 147.589607 -7.029948 -0.000432 0.055659 0.898630 0.435163
1317386467.026119 91.151045 148.363032 -7.067976 0.001624 0.055813 0.898471 0.435467
1317386467.129869 90.532958 149.124710 -7.112639 0.004943 0.054745 0.898605 0.435302
1317386467.233756 89.913042 149.893019 -7.144264 0.005660 0.054269 0.898599 0.435365
1317386467.337494 89.282952 150.660809 -7.161267 0.003764 0.054264 0.898577 0.435432
1317386467.441380 88.679472 151.424330 -7.178335 0.001996 0.055145 0.898588 0.435310
1317386467.545132 88.073867 152.184419 -7.205831 0.003251 0.056045 0.898648 0.435063
1317386467.649005 87.462103 152.939209 -7.242051 0.005030 0.056715 0.898776 0.434696
1317386467.752753 86.837377 153.696817 -7.274320 0.004690 0.056322 0.899197 0.433880
1317386467.856506 86.239561 154.456121 -7.296908 0.002895 0.057082 0.899208 0.433771
1317386467.960370 85.639179 155.213283 -7.313518 0.000606 0.057864 0.899481 0.433110
1317386468.064121 85.041194 155.971735 -7.343157 0.000577 0.058654 0.899423 0.433126
1317386468.167882 84.432626 156.714054 -7.380830 0.001773 0.059646 0.899520 0.432785
1317386468.271627 83.820280 157.465243 -7.420314 0.003000 0.059694 0.899674 0.432451
1317386468.375533 83.210393 158.204405 -7.452997 0.002713 0.058378 0.900018 0.431916
1317386468.479254 82.608910 158.954521 -7.482240 0.002422 0.057120 0.899840 0.432457
1317386468.583125 82.016744 159.685486 -7.505793 0.002016 0.055800 0.899580 0.433173
1317386468.686883 81.425472 160.412448 -7.534235 0.001842 0.055436 0.899589 0.433202
1317386468.790757 80.825968 161.151650 -7.562876 0.001016 0.054743 0.899587 0.433295
1317386468.894624 80.227080 161.887434 -7.590713 0.001170 0.055347 0.899470 0.433461
1317386468.998372 79.647022 162.603042 -7.621797 0.001868 0.055415 0.899329 0.433743
1317386469.102272 79.062217 163.332453 -7.654844 0.002284 0.054716 0.899173 0.434153
1317386469.206117 78.482264 164.056756 -7.684992 0.002226 0.054207 0.899135 0.434295
1317386469.309868 77.903841 164.787188 -7.714807 0.002339 0.055414 0.898844 0.434746
1317386469.413754 77.325995 165.513020 -7.740876 0.002199 0.057296 0.898663 0.434876
1317386469.517617 76.759901 166.223098 -7.764258 0.002559 0.056797 0.898693 0.434878
1317386469.621504 76.189209 166.947745 -7.790032 0.004414 0.056008 0.898513 0.435338
1317386469.725379 75.631344 167.655029 -7.829209 0.006407 0.056111 0.898317 0.435703
1317386469.829129 75.072553 168.350894 -7.862181 0.005129 0.054842 0.898220 0.436081
1317386469.932998 74.512207 169.049234 -7.871697 0.004047 0.054724 0.898044 0.436471
1317386470.036878 73.971526 169.728130 -7.879028 0.003689 0.054989 0.898113 0.436297
1317386470.140640 73.429108 170.400631 -7.894463 0.004074 0.055014 0.898170 0.436174
1317386470.244512 72.904254 171.076187 -7.921139 0.004343 0.055298 0.898105 0.436269
1317386470.348385 72.379414 171.746727 -7.950865 0.004359 0.055036 0.897986 0.436547
1317386470.452139 71.842557 172.399989 -7.972274 0.003932 0.054676 0.898244 0.436065
1317386470.556008 71.323869 173.024845 -7.984550 0.003582 0.054573 0.898148 0.436278
1317386470.659877 70.828339 173.658814 -7.994867 0.003724 0.055226 0.898210 0.436067
1317386470.763629 70.327486 174.304381 -8.016121 0.003002 0.055650 0.898211 0.436017
1317386470.867500 69.829002 174.934228 -8.040324 0.001925 0.056381 0.898235 0.435880
1317386470.971383 69.341932 175.540777 -8.061005 0.001218 0.057454 0.898164 0.435890
1317386471.075247 68.871140 176.142590 -8.078084 0.000743 0.058375 0.898362 0.435358
1317386471.178996 68.393887 176.741013 -8.098961 0.001226 0.059668 0.898367 0.435173
1317386471.282916 67.945429 177.302065 -8.122492 0.001480 0.060673 0.898368 0.435030
1317386471.386755 67.481320 177.870456 -8.150546 0.001143 0.060324 0.898670 0.434455
1317386471.490759 67.046091 178.413913 -8.169772 0.001570 0.061425 0.898912 0.433798
1317386471.594507 66.622930 178.961806 -8.185238 0.002594 0.062034 0.899205 0.433100
1317386471.698374 66.196805 179.489007 -8.213804 0.003789 0.062287 0.900322 0.430727
1317386471.802251 65.784510 179.984208 -8.237650 0.004929 0.063923 0.901469 0.428069
1317386471.906005 65.362223 180.475591 -8.256637 0.006152 0.065674 0.903428 0.423635
1317386472.009752 64.952558 180.961914 -8.270579 0.006215 0.066135 0.905968 0.418101
1317386472.113497 64.538199 181.445548 -8.285730 0.006652 0.067215 0.908682 0.411990
1317386472.217250 64.136949 181.895538 -8.300928 0.006961 0.068315 0.911921 0.404579
1317386472.321009 63.729996 182.332879 -8.312805 0.008323 0.070369 0.915628 0.395733
1317386472.424626 63.321360 182.753096 -8.330117 0.009394 0.071777 0.919766 0.385734
1317386472.528252 62.900403 183.181884 -8.348469 0.009980 0.072854 0.924588 0.373804
1317386472.631886 62.481730 183.587867 -8.364933 0.009289 0.072091 0.930065 0.360133
1317386472.735641 62.057203 183.975870 -8.372590 0.008256 0.070167 0.935506 0.346175
1317386472.839253 61.658234 184.301035 -8.368534 0.007771 0.068746 0.941451 0.329976
1317386472.942881 61.241795 184.614648 -8.373219 0.007366 0.067408 0.947391 0.312814
1317386473.046506 60.840315 184.941898 -8.380247 0.007509 0.067043 0.953477 0.293820
1317386473.150133 60.422779 185.233912 -8.388250 0.007573 0.066704 0.959787 0.272585
1317386473.253755 60.018587 185.484827 -8.398276 0.007466 0.062151 0.966130 0.250349
1317386473.357508 59.588768 185.685901 -8.404731 0.007863 0.056344 0.972077 0.227662
1317386473.461255 59.126002 185.896668 -8.393850 0.008692 0.050611 0.977508 0.204549
1317386473.564884 58.654994 186.088517 -8.376771 0.010383 0.046539 0.982355 0.180846
1317386473.668630 58.202420 186.258790 -8.369344 0.013056 0.044359 0.986594 0.156504
1317386473.772384 57.754126 186.402854 -8.371907 0.013930 0.044582 0.990201 0.131604
1317386473.876132 57.286118 186.525884 -8.368917 0.013872 0.043921 0.993266 0.106311
1317386473.979886 56.818552 186.618069 -8.365807 0.012221 0.041353 0.995835 0.080328
1317386474.083754 56.370175 186.671678 -8.352016 0.009395 0.034429 0.997861 0.054779
1317386474.187506 55.909283 186.689053 -8.315117 0.007654 0.030121 0.999083 0.029436
1317386474.291250 55.474814 186.705607 -8.284261 0.009196 0.032725 0.999414 0.003952
1317386474.395123 55.022549 186.716638 -8.274086 0.011167 0.037682 0.998969 -0.022721
1317386474.498882 54.549304 186.709920 -8.267598 0.013030 0.039365 0.997907 -0.049614
1317386474.602748 54.082483 186.662926 -8.250945 0.014780 0.039860 0.996269 -0.075103
1317386474.706620 53.660225 186.592258 -8.223150 0.015677 0.038855 0.994049 -0.100557
1317386474.810373 53.240961 186.512360 -8.206259 0.017822 0.038055 0.991123 -0.126130
1317386474.914246 52.838067 186.408366 -8.196171 0.018030 0.039470 0.987491 -0.151587
1317386475.018122 52.403327 186.286917 -8.184047 0.018687 0.042411 0.983338 -0.175782
1317386475.122121 51.957813 186.146828 -8.166599 0.018311 0.038984 0.979262 -0.197968
1317386475.226122 51.523342 185.974768 -8.128743 0.016348 0.035220 0.975047 -0.218576
1317386475.330122 51.112708 185.785905 -8.090243 0.014476 0.035030 0.970619 -0.237619
1317386475.434373 50.697083 185.553790 -8.057640 0.012425 0.037220 0.966527 -0.253546
1317386475.538496 50.294282 185.327211 -8.036447 0.012448 0.037355 0.962584 -0.268106
1317386475.642748 49.888138 185.082521 -8.003638 0.012507 0.036173 0.959173 -0.280217
1317386475.747000 49.469746 184.827971 -7.974292 0.012625 0.035442 0.956315 -0.289906
1317386475.851250 49.058916 184.586970 -7.950218 0.013087 0.034954 0.953711 -0.298400
1317386475.955626 48.658350 184.307669 -7.921972 0.013422 0.034645 0.951603 -0.305076
1317386476.060000 48.251607 183.998758 -7.891147 0.014398 0.033451 0.950465 -0.308692
1317386476.164379 47.846740 183.717443 -7.869088 0.015643 0.032341 0.949225 -0.312539
1317386476.268625 47.430976 183.411704 -7.845981 0.017340 0.032441 0.948378 -0.315003
1317386476.373001 47.002238 183.099808 -7.817349 0.017149 0.033457 0.947466 -0.317640
1317386476.477248 46.567348 182.766869 -7.781792 0.017114 0.034439 0.946738 -0.319702
1317386476.581627 46.122414 182.403994 -7.745523 0.017268 0.034426 0.946321 -0.320925
1317386476.685874 45.680655 182.039930 -7.713237 0.018906 0.031985 0.946126 -0.321659
1317386476.790126 45.248270 181.693941 -7.682690 0.019789 0.029672 0.945957 -0.322324
1317386476.894375 44.791648 181.343918 -7.644580 0.018980 0.030255 0.945931 -0.322397
1317386476.998499 44.313130 180.986673 -7.606396 0.018431 0.032331 0.945947 -0.322179
1317386477.102748 43.792144 180.597583 -7.573331 0.018760 0.032915 0.945939 -0.322125
1317386477.206873 43.276679 180.194314 -7.531299 0.020003 0.032212 0.946220 -0.321294
1317386477.311000 42.770585 179.780354 -7.494070 0.023476 0.033611 0.946355 -0.320519
1317386477.415137 42.253200 179.363407 -7.463009 0.026801 0.033719 0.946247 -0.320564
1317386477.519251 41.714414 178.959674 -7.425828 0.027280 0.032962 0.946246 -0.320606
1317386477.623249 41.154945 178.547816 -7.376624 0.025774 0.031924 0.946407 -0.320358
1317386477.727374 40.581487 178.105222 -7.317223 0.025824 0.027581 0.946685 -0.319937
1317386477.831374 39.995238 177.648416 -7.252966 0.025117 0.024729 0.946635 -0.320375
1317386477.935374 39.399109 177.169733 -7.203342 0.025134 0.024575 0.946654 -0.320328
1317386478.039499 38.780268 176.682783 -7.166896 0.024193 0.023294 0.946746 -0.320226
1317386478.143502 38.145793 176.204591 -7.127980 0.022750 0.021723 0.946840 -0.320164
1317386478.247498 37.496816 175.708360 -7.064934 0.020501 0.022221 0.946800 -0.320398
1317386478.351499 36.843713 175.192035 -7.005300 0.022223 0.020959 0.946601 -0.320958
1317386478.455499 36.166680 174.665480 -6.964577 0.024719 0.021635 0.946634 -0.320631
1317386478.559500 35.495907 174.144149 -6.935544 0.025254 0.021777 0.946352 -0.321413
1317386478.663500 34.808669 173.627694 -6.902163 0.023354 0.019858 0.946484 -0.321292
1317386478.767498 34.127849 173.099740 -6.825557 0.019017 0.022718 0.946710 -0.320721
1317386478.871500 33.440208 172.562043 -6.746758 0.018997 0.023679 0.946531 -0.321180
1317386478.975503 32.730466 172.014053 -6.687598 0.020085 0.025817 0.946382 -0.321390
1317386479.079500 32.005571 171.461114 -6.653119 0.022469 0.028388 0.946193 -0.321571
1317386479.183375 31.258586 170.889068 -6.619587 0.023088 0.030241 0.946254 -0.321177
1317386479.287374 30.502699 170.308786 -6.565078 0.023718 0.029355 0.946395 -0.320800
1317386479.391375 29.770179 169.744297 -6.489075 0.022918 0.027687 0.946728 -0.320021
1317386479.495250 29.040278 169.181595 -6.415026 0.022365 0.025188 0.946904 -0.319746
1317386479.599250 28.300908 168.615023 -6.343348 0.020512 0.024379 0.947090 -0.319384
1317386479.703124 27.566786 168.065300 -6.275711 0.018712 0.027121 0.946921 -0.319774
1317386479.807126 26.818878 167.493789 -6.221563 0.017437 0.031038 0.946898 -0.319558
1317386479.911000 26.065589 166.919904 -6.171720 0.015659 0.032379 0.946939 -0.319395
1317386480.015001 25.342956 166.366128 -6.109782 0.012532 0.031364 0.947016 -0.319407
1317386480.118875 24.600730 165.800855 -6.039434 0.008462 0.032495 0.946997 -0.319481
1317386480.222750 23.853446 165.240769 -5.972846 0.007130 0.035261 0.946782 -0.319858
1317386480.326752 23.121078 164.678960 -5.932747 0.010927 0.036458 0.946891 -0.319294
1317386480.430636 22.381185 164.110811 -5.903957 0.015534 0.039431 0.946865 -0.318826
1317386480.534512 21.624058 163.534475 -5.864677 0.018389 0.039533 0.946979 -0.318323
1317386480.638387 20.878107 162.966461 -5.793857 0.017080 0.038000 0.947224 -0.317854
1317386480.742250 20.158679 162.426612 -5.710528 0.015430 0.035007 0.947546 -0.317322
1317386480.846129 19.432524 161.877429 -5.639474 0.013835 0.035859 0.947606 -0.317121
1317386480.950005 18.706460 161.329307 -5.588188 0.014407 0.034805 0.947997 -0.316043
1317386481.054019 17.984495 160.784324 -5.545428 0.014638 0.033351 0.949096 -0.312875
1317386481.158004 17.258277 160.235125 -5.487334 0.014465 0.032420 0.950528 -0.308603
1317386481.262002 16.515763 159.696080 -5.423742 0.014613 0.032691 0.952308 -0.303030
1317386481.366006 15.774200 159.182870 -5.365073 0.014395 0.033225 0.954279 -0.296715
1317386481.470177 15.020402 158.673238 -5.314112 0.013000 0.034707 0.957087 -0.287421
1317386481.574252 14.281803 158.178705 -5.263185 0.010319 0.036164 0.959942 -0.277664
1317386481.678375 13.524174 157.694141 -5.203498 0.008986 0.036808 0.963229 -0.265998
1317386481.782508 12.757813 157.242798 -5.155759 0.008810 0.039133 0.966868 -0.252104
1317386481.886767 11.971548 156.819485 -5.121440 0.008146 0.041702 0.970744 -0.236329
1317386481.991004 11.186615 156.435309 -5.089869 0.006903 0.043810 0.974506 -0.219933
1317386482.095263 10.408921 156.059506 -5.034883 0.006600 0.044474 0.977986 -0.203770
1317386482.199376 9.637858 155.710540 -4.994738 0.009172 0.049474 0.980982 -0.187466
1317386482.303638 8.857288 155.397218 -4.979201 0.014661 0.051797 0.983890 -0.170479
1317386482.407763 8.052851 155.102185 -4.965424 0.018353 0.051421 0.986503 -0.154371
1317386482.511921 7.258772 154.842426 -4.926849 0.019462 0.047740 0.988988 -0.138723
1317386482.615891 6.455222 154.607727 -4.838567 0.018244 0.045914 0.991113 -0.123507
1317386482.719881 5.630740 154.401534 -4.754668 0.018327 0.046276 0.992586 -0.110886
1317386482.823768 4.814068 154.237326 -4.719509 0.019669 0.048119 0.993638 -0.099903
1317386482.927629 3.981310 154.086952 -4.708898 0.019202 0.049826 0.994491 -0.090201
1317386483.031502 3.125013 153.928554 -4.664704 0.016102 0.046510 0.995498 -0.081007
1317386483.135383 2.237353 153.773125 -4.583946 0.013722 0.045963 0.996238 -0.072167
1317386483.239257 1.361554 153.649611 -4.535118 0.013993 0.046481 0.996782 -0.063796
1317386483.343131 0.472320 153.530750 -4.515463 0.015876 0.047388 0.997231 -0.055063
1317386483.446892 -0.420174 153.434947 -4.494985 0.018222 0.047926 0.997522 -0.048185
1317386483.550630 -1.317102 153.337341 -4.460251 0.017327 0.051100 0.997629 -0.042716
1317386483.654389 -2.246427 153.282642 -4.400024 0.012790 0.052480 0.997746 -0.039825
1317386483.758131 -3.173707 153.240206 -4.335820 0.006728 0.052754 0.997852 -0.038250
1317386483.861772 -4.112347 153.170052 -4.314107 0.005036 0.053166 0.997843 -0.038170
1317386483.965511 -5.077604 153.069204 -4.322782 0.007093 0.052830 0.997853 -0.038050
1317386484.069259 -6.038353 152.982975 -4.320369 0.009632 0.051018 0.997965 -0.037016
1317386484.172881 -7.017646 152.889081 -4.291900 0.011405 0.047836 0.998091 -0.037364
1317386484.276761 -8.004515 152.791125 -4.242681 0.011585 0.044454 0.998258 -0.037035
1317386484.380423 -9.005763 152.705274 -4.197342 0.010451 0.043137 0.998309 -0.037543
1317386484.484143 -10.010888 152.631080 -4.168415 0.008887 0.041431 0.998362 -0.038443
1317386484.588007 -11.020446 152.562508 -4.144958 0.008999 0.041972 0.998322 -0.038862
1317386484.691765 -12.041339 152.471159 -4.125100 0.009198 0.041420 0.998325 -0.039322
1317386484.795514 -13.068006 152.389513 -4.091004 0.010261 0.040655 0.998310 -0.040233
1317386484.899390 -14.094571 152.303303 -4.052445 0.011088 0.039272 0.998341 -0.040627
1317386485.003139 -15.131063 152.212437 -4.016605 0.011919 0.037229 0.998406 -0.040720
1317386485.107015 -16.170384 152.120319 -3.978558 0.011649 0.036031 0.998473 -0.040221
1317386485.210755 -17.200254 152.036722 -3.940732 0.011617 0.035300 0.998545 -0.039078
1317386485.314633 -18.251606 151.944831 -3.899772 0.010698 0.035034 0.998600 -0.038165
1317386485.418402 -19.316729 151.851697 -3.860334 0.011111 0.034879 0.998614 -0.037817
1317386485.522259 -20.364223 151.763800 -3.821173 0.010295 0.034564 0.998657 -0.037200
1317386485.626018 -21.429879 151.688630 -3.780600 0.009060 0.033874 0.998713 -0.036636
1317386485.729755 -22.461765 151.616592 -3.747533 0.007856 0.033739 0.998732 -0.036527
1317386485.833523 -23.492605 151.536184 -3.716883 0.007846 0.032862 0.998797 -0.035530
1317386485.937391 -24.539833 151.456623 -3.691274 0.009289 0.032935 0.998792 -0.035260
1317386486.041140 -25.577894 151.374154 -3.659347 0.010533 0.033489 0.998776 -0.034853
1317386486.144897 -26.609525 151.298146 -3.619647 0.010244 0.032116 0.998847 -0.034168
1317386486.248760 -27.656401 151.216140 -3.583186 0.009876 0.031586 0.998903 -0.033133
1317386486.352523 -28.707521 151.134688 -3.551483 0.009037 0.030104 0.998990 -0.032110
1317386486.456385 -29.747244 151.052646 -3.516003 0.008605 0.029975 0.999047 -0.030536
1317386486.560270 -30.801234 150.987717 -3.489194 0.009179 0.028489 0.999132 -0.028987
1317386486.664009 -31.850823 150.929074 -3.462429 0.010079 0.028087 0.999184 -0.027232
1317386486.767884 -32.880481 150.873754 -3.421999 0.009482 0.027634 0.999235 -0.025997
1317386486.871631 -33.897944 150.815577 -3.375405 0.008008 0.028260 0.999270 -0.024421
1317386486.975510 -34.928981 150.756853 -3.336794 0.007052 0.027177 0.999344 -0.022886
1317386487.079267 -35.953552 150.707725 -3.309228 0.007301 0.028463 0.999332 -0.021750
1317386487.183143 -36.972586 150.659118 -3.284605 0.007067 0.028185 0.999363 -0.020706
1317386487.286886 -37.986397 150.618069 -3.264271 0.007990 0.026965 0.999414 -0.019537
1317386487.390760 -38.995714 150.570424 -3.239558 0.007849 0.027678 0.999409 -0.018818
1317386487.494508 -39.999163 150.522349 -3.206053 0.007529 0.024611 0.999499 -0.018396
1317386487.598384 -41.014690 150.469226 -3.172665 0.007227 0.024211 0.999525 -0.017632
1317386487.702253 -42.027313 150.428713 -3.139473 0.008820 0.025586 0.999480 -0.017509
1317386487.806134 -43.030269 150.386160 -3.116073 0.011351 0.026130 0.999440 -0.017551
1317386487.910063 -44.026957 150.350476 -3.084718 0.012284 0.026642 0.999410 -0.017849
1317386488.013758 -45.016030 150.314780 -3.042446 0.011501 0.025898 0.999435 -0.018076
1317386488.117636 -46.010320 150.277888 -3.003354 0.011100 0.026742 0.999410 -0.018467
1317386488.221509 -46.998755 150.236666 -2.965831 0.010260 0.028520 0.999363 -0.018834
1317386488.325258 -47.985703 150.197304 -2.927656 0.009475 0.028921 0.999346 -0.019550
1317386488.429131 -48.969143 150.154989 -2.888988 0.008989 0.029010 0.999345 -0.019700
1317386488.533006 -49.940943 150.113130 -2.859143 0.009053 0.028218 0.999354 -0.020355
1317386488.636883 -50.914806 150.057483 -2.829364 0.009015 0.028458 0.999339 -0.020741
1317386488.740759 -51.885452 150.009594 -2.796597 0.009717 0.028015 0.999331 -0.021397
1317386488.844518 -52.852157 149.960631 -2.760274 0.010344 0.031450 0.999183 -0.023173
1317386488.948382 -53.812259 149.913370 -2.724233 0.010601 0.031064 0.999154 -0.024781
1317386489.052131 -54.769935 149.864615 -2.685509 0.011016 0.029277 0.999179 -0.025758
1317386489.156018 -55.723072 149.809263 -2.650385 0.011562 0.028692 0.999166 -0.026671
1317386489.259886 -56.670209 149.752013 -2.616505 0.011278 0.028730 0.999148 -0.027403
1317386489.363894 -57.607970 149.694841 -2.586344 0.010462 0.027485 0.999191 -0.027440
1317386489.467756 -58.535033 149.637718 -2.549824 0.009298 0.027727 0.999192 -0.027576
1317386489.571786 -59.450893 149.590101 -2.514522 0.008690 0.027142 0.999227 -0.027069
1317386489.675769 -60.354812 149.541306 -2.477234 0.008305 0.026190 0.999279 -0.026213
1317386489.779758 -61.241072 149.484277 -2.445108 0.008232 0.026984 0.999277 -0.025478
1317386489.883757 -62.107082 149.422182 -2.418403 0.008265 0.025564 0.999356 -0.023780
1317386489.987756 -62.964432 149.374494 -2.388899 0.008097 0.026066 0.999412 -0.020737
1317386490.091765 -63.822865 149.335519 -2.361279 0.008073 0.026134 0.999475 -0.017390
1317386490.195894 -64.637042 149.304648 -2.333293 0.007979 0.027247 0.999505 -0.013561
1317386490.299891 -65.419296 149.297153 -2.306953 0.007052 0.028644 0.999523 -0.009196
1317386490.403896 -66.175840 149.285520 -2.276212 0.006737 0.030900 0.999486 -0.005245
1317386490.507881 -66.908923 149.269793 -2.249269 0.006205 0.032622 0.999448 -0.001214
1317386490.611770 -67.638394 149.259558 -2.224895 0.005674 0.033169 0.999432 0.002010
1317386490.715769 -68.332082 149.260902 -2.206961 0.005634 0.033694 0.999401 0.005508
1317386490.819778 -68.993223 149.267524 -2.184859 0.005706 0.034305 0.999357 0.008703
1317386490.923760 -69.635902 149.285711 -2.166942 0.005824 0.034906 0.999305 0.011673
1317386491.027761 -70.254975 149.301994 -2.151956 0.006045 0.035666 0.999242 0.014378
1317386491.131635 -70.845040 149.319889 -2.140484 0.006539 0.037372 0.999138 0.016862
1317386491.235643 -71.410689 149.344571 -2.118863 0.005759 0.037134 0.999113 0.019002
1317386491.339644 -71.942618 149.366137 -2.092381 0.004344 0.036458 0.999100 0.021245
1317386491.443644 -72.447900 149.383610 -2.073460 0.003484 0.036566 0.999055 0.023247
1317386491.547519 -72.921040 149.406325 -2.060600 0.003063 0.036664 0.999011 0.024950
1317386491.651519 -73.352045 149.427654 -2.051695 0.002930 0.037983 0.998928 0.026282
1317386491.755512 -73.738993 149.456373 -2.041423 0.002798 0.039731 0.998836 0.027218
1317386491.859397 -74.083738 149.474232 -2.035884 0.002451 0.040272 0.998805 0.027596
1317386491.963384 -74.403665 149.486520 -2.025564 0.001608 0.040005 0.998815 0.027661
1317386492.067264 -74.702338 149.496222 -2.010223 0.001067 0.039746 0.998832 0.027446
1317386492.171143 -74.973875 149.504508 -2.000128 0.001514 0.038685 0.998882 0.027122
1317386492.275147 -75.213001 149.513508 -1.999994 0.001970 0.038111 0.998928 0.026202
1317386492.379013 -75.433613 149.521099 -1.997305 0.002188 0.037115 0.998993 0.025114
1317386492.482887 -75.625465 149.533063 -1.993841 0.002751 0.036660 0.999042 0.023738
1317386492.586892 -75.823990 149.545483 -1.991292 0.004070 0.036941 0.999056 0.022511
1317386492.690896 -76.028273 149.562780 -1.987337 0.005225 0.036861 0.999079 0.021338
1317386492.794899 -76.234624 149.575214 -1.985127 0.005571 0.037130 0.999096 0.019918
1317386492.898774 -76.417516 149.577679 -1.985370 0.004843 0.037137 0.999124 0.018662
1317386493.002770 -76.576824 149.577752 -1.978123 0.004232 0.036005 0.999191 0.017397
1317386493.106638 -76.729280 149.576743 -1.973559 0.004585 0.035123 0.999246 0.015930
1317386493.210634 -76.869384 149.581035 -1.972488 0.005356 0.035553 0.999252 0.014225
1317386493.314511 -76.995783 149.588700 -1.971846 0.005506 0.036193 0.999258 0.011936
1317386493.418512 -77.118824 149.590098 -1.972378 0.005697 0.036429 0.999277 0.009288
1317386493.522428 -77.240306 149.588973 -1.973288 0.005603 0.035791 0.999325 0.006016
1317386493.626262 -77.351477 149.587549 -1.973177 0.005538 0.034876 0.999374 0.002035
1317386493.730263 -77.457013 149.589285 -1.969199 0.005818 0.033431 0.999422 -0.001846
1317386493.834260 -77.564850 149.587970 -1.957957 0.005291 0.032586 0.999439 -0.005618
1317386493.938136 -77.655045 149.585498 -1.955790 0.005018 0.032042 0.999434 -0.008900
1317386494.042262 -77.715971 149.587235 -1.955984 0.004871 0.031402 0.999430 -0.011387
1317386494.146277 -77.754608 149.587132 -1.952060 0.005271 0.031742 0.999394 -0.013247
1317386494.250289 -77.783078 149.587801 -1.955221 0.005694 0.031547 0.999374 -0.014985
1317386494.354400 -77.808016 149.590398 -1.954929 0.005654 0.031782 0.999353 -0.015867
1317386494.458396 -77.828290 149.586837 -1.955843 0.005969 0.031650 0.999338 -0.016900
1317386494.562415 -77.840807 149.583141 -1.954990 0.005863 0.031220 0.999344 -0.017400
1317386494.666514 -77.839247 149.586217 -1.954399 0.005785 0.031190 0.999350 -0.017132
1317386494.770517 -77.829147 149.589481 -1.952084 0.006088 0.031611 0.999336 -0.017045
1317386494.874514 -77.826481 149.590082 -1.950617 0.006727 0.032027 0.999316 -0.017222
1317386494.978635 -77.833906 149.587490 -1.949573 0.006978 0.031879 0.999320 -0.017187
1317386495.082644 -77.837474 149.581415 -1.950591 0.006914 0.031554 0.999331 -0.017141
1317386495.186648 -77.835605 149.584547 -1.951604 0.006957 0.031668 0.999326 -0.017234
1317386495.290640 -77.832708 149.592971 -1.953313 0.007079 0.031686 0.999324 -0.017224
1317386495.394796 -77.830441 149.594242 -1.951703 0.006723 0.031621 0.999328 -0.017259
1317386495.498774 -77.829904 149.589847 -1.950676 0.006738 0.031655 0.999327 -0.017243
1317386495.602776 -77.830662 149.584627 -1.952057 0.006890 0.031683 0.999325 -0.017274
1317386495.706764 -77.831444 149.583886 -1.952683 0.006801 0.031586 0.999325 -0.017467
1317386495.810760 -77.835997 149.585629 -1.953834 0.006701 0.031636 0.999327 -0.017321
1317386495.914761 -77.839832 149.592454 -1.954630 0.006812 0.031597 0.999325 -0.017450
1317386496.018772 -77.833634 149.592884 -1.954127 0.006839 0.031655 0.999322 -0.017488
1317386496.122797 -77.832082 149.588787 -1.953408 0.006814 0.031939 0.999312 -0.017576
1317386496.226899 -77.831008 149.589564 -1.951807 0.006767 0.031676 0.999321 -0.017561
1317386496.330884 -77.828856 149.588618 -1.953594 0.006853 0.031766 0.999317 -0.017580
1317386496.434909 -77.830672 149.586572 -1.954023 0.006904 0.031848 0.999312 -0.017716
1317386496.538886 -77.831490 149.587097 -1.953304 0.006786 0.031875 0.999310 -0.017835
1317386496.643023 -77.830202 149.587527 -1.954805 0.006916 0.031932 0.999304 -0.017991
1317386496.747024 -77.829566 149.587929 -1.952931 0.006920 0.032185 0.999293 -0.018143
1317386496.851024 -77.827924 149.589005 -1.951241 0.006951 0.032293 0.999287 -0.018272
1317386496.955146 -77.827383 149.592477 -1.951020 0.006939 0.032331 0.999281 -0.018575
1317386497.059140 -77.827131 149.591351 -1.951857 0.006992 0.032521 0.999270 -0.018763
1317386497.163139 -77.828860 149.586655 -1.950905 0.006859 0.032492 0.999271 -0.018833
1317386497.267266 -77.827355 149.586985 -1.950522 0.006924 0.032465 0.999274 -0.018686
1317386497.371288 -77.828924 149.586778 -1.952448 0.006883 0.032405 0.999274 -0.018812
1317386497.475274 -77.828751 149.585509 -1.951150 0.006860 0.032395 0.999272 -0.018934
1317386497.579394 -77.828409 149.586452 -1.950407 0.006911 0.032432 0.999269 -0.019033
1317386497.683427 -77.828600 149.588938 -1.950297 0.006809 0.032416 0.999269 -0.019105
1317386497.787393 -77.830632 149.589080 -1.950432 0.006831 0.032536 0.999264 -0.019144
1317386497.891403 -77.828204 149.588875 -1.950364 0.006886 0.032507 0.999262 -0.019262
1317386497.995526 -77.827732 149.591284 -1.951259 0.006790 0.032467 0.999264 -0.019273
1317386498.099517 -77.828143 149.592942 -1.951804 0.006889 0.032376 0.999265 -0.019319
1317386498.203525 -77.827146 149.591290 -1.950042 0.006860 0.032609 0.999258 -0.019317
1317386498.307517 -77.827710 149.589188 -1.948890 0.006877 0.032497 0.999259 -0.019433
1317386498.411534 -77.829572 149.583948 -1.951804 0.006869 0.032803 0.999247 -0.019545
1317386498.515525 -77.830160 149.587690 -1.953098 0.006846 0.032615 0.999251 -0.019670
1317386498.619639 -77.829747 149.589533 -1.951052 0.006851 0.032705 0.999249 -0.019615
1317386498.723645 -77.829194 149.593460 -1.949899 0.006907 0.032715 0.999246 -0.019724
1317386498.827659 -77.827005 149.592663 -1.950454 0.006852 0.032694 0.999248 -0.019711
1317386498.931650 -77.825524 149.589809 -1.951001 0.006837 0.032721 0.999248 -0.019671
1317386499.035771 -77.829300 149.589185 -1.952958 0.006801 0.032882 0.999241 -0.019732
1317386499.139772 -77.827715 149.591452 -1.954061 0.006765 0.032880 0.999242 -0.019727
1317386499.243889 -77.826230 149.590021 -1.953300 0.006776 0.032797 0.999245 -0.019680
1317386499.347885 -77.825070 149.590450 -1.953765 0.006788 0.032908 0.999242 -0.019675
1317386499.451899 -77.824580 149.593145 -1.952585 0.006667 0.032794 0.999247 -0.019626
1317386499.555898 -77.828229 149.589467 -1.952774 0.006776 0.032754 0.999246 -0.019718
1317386499.660015 -77.831002 149.589220 -1.952807 0.006729 0.032787 0.999245 -0.019702
1317386499.764027 -77.830539 149.589797 -1.951987 0.006742 0.032757 0.999247 -0.019656
1317386499.868025 -77.831162 149.589171 -1.950630 0.006700 0.032763 0.999247 -0.019689
1317386499.972137 -77.829360 149.589040 -1.950610 0.006784 0.032724 0.999247 -0.019736
1317386500.076156 -77.826367 149.586546 -1.951105 0.006755 0.032733 0.999244 -0.019849
1317386500.180143 -77.822959 149.589814 -1.950973 0.006930 0.032576 0.999222 -0.021113
1317386500.284145 -77.833314 149.593145 -1.951106 0.007212 0.032327 0.999206 -0.022126
1317386500.388149 -77.849443 149.588426 -1.952788 0.007309 0.031969 0.999186 -0.023493
1317386500.492153 -77.860589 149.584465 -1.952464 0.007309 0.031961 0.999125 -0.025950
1317386500.596146 -77.878257 149.581476 -1.952429 0.007441 0.032160 0.999037 -0.028898
1317386500.700140 -77.902662 149.577345 -1.952885 0.007420 0.031659 0.998959 -0.031988
1317386500.804152 -77.931778 149.572817 -1.950768 0.007407 0.031304 0.998842 -0.035788
1317386500.908026 -77.960733 149.574602 -1.949235 0.007560 0.031356 0.998664 -0.040383
1317386501.012023 -77.992765 149.569606 -1.947645 0.007474 0.031021 0.998466 -0.045248
1317386501.115914 -78.034028 149.567203 -1.945816 0.007472 0.030733 0.998229 -0.050391
1317386501.219899 -78.075239 149.560100 -1.943868 0.007458 0.030526 0.997917 -0.056348
1317386501.323769 -78.116971 149.553911 -1.944752 0.007827 0.030507 0.997523 -0.062891
1317386501.427646 -78.164386 149.539244 -1.941802 0.008155 0.030246 0.997049 -0.070091
1317386501.531644 -78.224408 149.533886 -1.941198 0.009128 0.029889 0.996450 -0.078167
1317386501.635409 -78.301050 149.524766 -1.943461 0.010251 0.029101 0.995752 -0.086752
1317386501.739269 -78.398904 149.507467 -1.943988 0.011099 0.027992 0.994944 -0.095810
1317386501.843188 -78.513187 149.483464 -1.942537 0.011237 0.027353 0.994046 -0.104872
1317386501.947017 -78.638921 149.456001 -1.938052 0.010673 0.027646 0.992996 -0.114371
1317386502.050769 -78.775379 149.424566 -1.933286 0.010227 0.028320 0.991722 -0.124824
1317386502.154643 -78.923198 149.387414 -1.929116 0.009330 0.027999 0.990231 -0.136277
1317386502.258396 -79.085480 149.340259 -1.923395 0.008390 0.026480 0.988558 -0.148264
1317386502.362151 -79.260617 149.280158 -1.912085 0.007352 0.025789 0.986609 -0.160882
1317386502.466018 -79.440635 149.221006 -1.900900 0.006821 0.026619 0.984376 -0.173924
1317386502.569767 -79.626280 149.159929 -1.894338 0.006070 0.026896 0.981849 -0.187650
1317386502.673395 -79.810783 149.101580 -1.889948 0.004529 0.027077 0.978835 -0.202802
1317386502.777146 -80.003841 149.012541 -1.879953 0.003315 0.027094 0.975296 -0.219208
1317386502.880779 -80.203619 148.893623 -1.868463 0.003372 0.026880 0.971018 -0.237465
1317386502.984538 -80.416373 148.762759 -1.862471 0.004353 0.026141 0.965789 -0.257973
1317386503.088147 -80.646900 148.623205 -1.852565 0.005620 0.024298 0.959845 -0.279419
1317386503.191766 -80.910857 148.460056 -1.837455 0.007050 0.023014 0.952741 -0.302828
1317386503.295402 -81.184412 148.267009 -1.818541 0.007779 0.024228 0.944333 -0.328006
1317386503.399030 -81.472612 148.030683 -1.820415 0.009218 0.026507 0.934726 -0.354259
1317386503.502771 -81.770269 147.751671 -1.819660 0.010266 0.027048 0.924710 -0.379571
1317386503.606527 -82.070397 147.448974 -1.811356 0.011137 0.025979 0.914317 -0.404012
1317386503.710270 -82.373335 147.113473 -1.786763 0.011301 0.025283 0.903029 -0.428686
1317386503.814184 -82.667683 146.735074 -1.762226 0.009875 0.025539 0.890807 -0.453556
1317386503.917895 -82.935131 146.334284 -1.742937 0.008679 0.023830 0.878208 -0.477606
1317386504.021770 -83.185841 145.907301 -1.724460 -0.006606 -0.022317 -0.865340 0.500644
1317386504.125653 -83.444821 145.440470 -1.698669 -0.003609 -0.022064 -0.851193 0.524377
1317386504.229406 -83.714412 144.932078 -1.678771 -0.000491 -0.022497 -0.836234 0.547911
1317386504.333279 -83.960098 144.380449 -1.660191 0.001385 -0.021275 -0.820792 0.570830
1317386504.437142 -84.178762 143.785175 -1.635710 0.003303 -0.020152 -0.805273 0.592553
1317386504.541146 -84.360333 143.186191 -1.612931 0.004598 -0.019608 -0.789737 0.613115
1317386504.645145 -84.539825 142.546392 -1.591247 0.005367 -0.020878 -0.775007 0.631585
1317386504.749274 -84.690796 141.881682 -1.581632 0.004644 -0.021992 -0.762279 0.646858
1317386504.853403 -84.808884 141.210322 -1.576775 0.003292 -0.021096 -0.751109 0.659833
1317386504.957641 -84.899151 140.515411 -1.566308 0.001664 -0.020813 -0.742661 0.669342
1317386505.062030 -84.976121 139.793981 -1.548205 -0.000153 -0.021215 -0.736282 0.676342
1317386505.166399 -85.034182 139.062067 -1.528367 0.000168 -0.021776 -0.731031 0.681996
1317386505.270775 -85.077111 138.285025 -1.504246 -0.000067 -0.022115 -0.726619 0.686685
1317386505.375149 -85.119368 137.469139 -1.476589 -0.000427 -0.023275 -0.721940 0.691564
1317386505.479397 -85.156491 136.628600 -1.448066 -0.000836 -0.025246 -0.717073 0.696540
1317386505.583770 -85.173889 135.759675 -1.423688 -0.001934 -0.026493 -0.711950 0.701728
1317386505.688020 -85.181805 134.870641 -1.400991 -0.003607 -0.025801 -0.707489 0.706244
1317386505.792269 -85.178767 133.963777 -1.364705 -0.005370 -0.022999 -0.704066 0.709742
1317386505.896643 -85.173511 133.029939 -1.314609 -0.006998 -0.020787 -0.702059 0.711781
1317386506.000894 -85.158243 132.068515 -1.268759 -0.008704 -0.019622 -0.701261 0.712581
1317386506.105269 -85.148147 131.088878 -1.229798 -0.009340 -0.018634 -0.701180 0.712679
1317386506.209524 -85.127115 130.090902 -1.193396 -0.007973 -0.018974 -0.701095 0.712771
1317386506.313645 -85.095967 129.067830 -1.159148 -0.007410 -0.018914 -0.700211 0.713647
1317386506.417773 -85.063108 128.017897 -1.122352 -0.007138 -0.019435 -0.698625 0.715188
1317386506.521894 -85.034160 126.960937 -1.085612 -0.006901 -0.019737 -0.696716 0.717042
1317386506.626019 -85.000291 125.865167 -1.037450 -0.007627 -0.019018 -0.695111 0.718611
1317386506.730133 -84.956141 124.758220 -0.988245 -0.007655 -0.018858 -0.693535 0.720136
1317386506.834150 -84.912531 123.665911 -0.943400 -0.007207 -0.017748 -0.691787 0.721847
1317386506.938271 -84.863505 122.559640 -0.903142 -0.005896 -0.016704 -0.690019 0.723575
1317386507.042273 -84.804870 121.430002 -0.856160 -0.004138 -0.015601 -0.688661 0.724903
1317386507.146270 -84.746596 120.289715 -0.808730 -0.004464 -0.015352 -0.687747 0.725774
1317386507.250396 -84.678266 119.110841 -0.773282 -0.004253 -0.016880 -0.687902 0.725595
1317386507.354520 -84.601797 117.898849 -0.736253 -0.004923 -0.017002 -0.688301 0.725209
1317386507.458520 -84.533163 116.685326 -0.693679 -0.004714 -0.015922 -0.688766 0.724794
1317386507.562520 -84.468973 115.473634 -0.642858 -0.003027 -0.015510 -0.689186 0.724412
1317386507.666518 -84.406518 114.264577 -0.589904 -0.002013 -0.015133 -0.689367 0.724251
1317386507.770520 -84.346385 113.087695 -0.547057 -0.001183 -0.015324 -0.689595 0.724032
1317386507.874520 -84.279876 111.907760 -0.507769 -0.000601 -0.015768 -0.689776 0.723851
1317386507.978520 -84.215764 110.736352 -0.467716 -0.001019 -0.016074 -0.690182 0.723457
1317386508.082521 -84.153820 109.569837 -0.430785 -0.001023 -0.017740 -0.690443 0.723168
1317386508.186520 -84.095065 108.391033 -0.387758 -0.001707 -0.017704 -0.690570 0.723047
1317386508.290396 -84.037325 107.203309 -0.334198 -0.002554 -0.015331 -0.690888 0.722794
1317386508.394398 -83.975727 106.024751 -0.277468 -0.002011 -0.013776 -0.691175 0.722554
1317386508.498402 -83.913161 104.817863 -0.231943 -0.001974 -0.014601 -0.691226 0.722488
1317386508.602404 -83.856256 103.629704 -0.197558 -0.002258 -0.016407 -0.691542 0.722147
1317386508.706274 -83.798639 102.444402 -0.161990 -0.001540 -0.017895 -0.691436 0.722214
1317386508.810272 -83.742801 101.272276 -0.114002 -0.003493 -0.015139 -0.691710 0.722009
1317386508.914273 -83.687090 100.104845 -0.065206 -0.002625 -0.013067 -0.691908 0.721863
1317386509.018271 -83.637053 98.924562 -0.012876 -0.002009 -0.011374 -0.692018 0.721788
1317386509.122272 -83.574429 97.757171 0.018018 -0.002413 -0.011679 -0.692394 0.721421
1317386509.226146 -83.516557 96.615644 0.047709 -0.002920 -0.012167 -0.692552 0.721259
1317386509.330032 -83.457450 95.447874 0.085481 -0.003687 -0.012211 -0.692579 0.721230
1317386509.434032 -83.403827 94.306278 0.130136 -0.003882 -0.011436 -0.692520 0.721298
1317386509.537896 -83.359406 93.146363 0.179593 -0.003743 -0.010308 -0.692869 0.720980
1317386509.641773 -83.314174 92.006183 0.224481 -0.002625 -0.010949 -0.692724 0.721114
1317386509.745661 -83.261636 90.874264 0.263279 -0.002444 -0.012565 -0.692861 0.720958
1317386509.849525 -83.207549 89.744081 0.296209 -0.002084 -0.014113 -0.692824 0.720965
1317386509.953407 -83.157323 88.605441 0.333722 -0.000948 -0.014742 -0.692108 0.721643
1317386510.057276 -83.104210 87.449790 0.377117 -0.000531 -0.014216 -0.691156 0.722566
1317386510.161034 -83.049373 86.304561 0.419774 -0.000016 -0.013791 -0.689860 0.723811
1317386510.264906 -82.995659 85.180067 0.457786 -0.000021 -0.012970 -0.688805 0.724831
1317386510.368647 -82.935915 84.062538 0.496482 -0.000671 -0.012557 -0.687829 0.725763
1317386510.472432 -82.860137 82.942080 0.535420 -0.001796 -0.012762 -0.686678 0.726848
1317386510.576274 -82.788491 81.828363 0.571214 -0.002226 -0.012747 -0.685790 0.727685
1317386510.680022 -82.719508 80.727897 0.607000 -0.001779 -0.012024 -0.684956 0.728483
1317386510.783784 -82.649580 79.626137 0.645370 -0.001704 -0.011393 -0.684406 0.729010
1317386510.887546 -82.572719 78.522101 0.679452 -0.001449 -0.011258 -0.683917 0.729471
1317386510.991400 -82.493022 77.398749 0.717153 -0.000651 -0.010895 -0.683367 0.729993
1317386511.095151 -82.416507 76.287894 0.753343 -0.001284 -0.009959 -0.683042 0.730310
1317386511.199023 -82.336750 75.179257 0.790098 -0.001340 -0.009485 -0.683061 0.730299
1317386511.302815 -82.252048 74.079243 0.819829 -0.002122 -0.009243 -0.683312 0.730065
1317386511.406660 -82.170668 72.984870 0.847221 -0.001963 -0.009518 -0.683910 0.729502
1317386511.510530 -82.098949 71.896557 0.881056 -0.001969 -0.009493 -0.684641 0.728816
1317386511.614398 -82.030498 70.812151 0.917431 -0.001759 -0.009896 -0.685364 0.728131
1317386511.718273 -81.960475 69.711671 0.947272 -0.000174 -0.012110 -0.686143 0.727366
1317386511.822153 -81.895602 68.621168 0.979076 0.000321 -0.013509 -0.687052 0.726483
1317386511.926027 -81.829301 67.546876 1.013526 0.000835 -0.014031 -0.687872 0.725695
1317386512.029905 -81.768930 66.466245 1.055169 0.001355 -0.012755 -0.688736 0.724899
1317386512.133777 -81.713513 65.412954 1.092571 0.001131 -0.010994 -0.689735 0.723978
1317386512.237642 -81.657209 64.352467 1.123230 0.001314 -0.010699 -0.690542 0.723212
1317386512.341537 -81.599083 63.286804 1.144177 0.001408 -0.011284 -0.691353 0.722428
1317386512.445412 -81.539726 62.189928 1.172594 0.000266 -0.012063 -0.692098 0.721703
1317386512.549287 -81.485741 61.086184 1.201395 -0.000106 -0.013790 -0.692441 0.721342
1317386512.653158 -81.441380 59.994515 1.237460 -0.001119 -0.014576 -0.693069 0.720723
1317386512.756909 -81.401225 58.915059 1.274993 -0.001336 -0.014805 -0.693254 0.720540
1317386512.860835 -81.356563 57.863178 1.314503 -0.001134 -0.013798 -0.693704 0.720128
1317386512.964652 -81.313591 56.836349 1.354507 -0.000825 -0.011873 -0.693664 0.720201
1317386513.068540 -81.269712 55.812174 1.390014 -0.000867 -0.010102 -0.693556 0.720332
1317386513.172276 -81.225200 54.755699 1.420567 -0.001719 -0.007937 -0.693265 0.720637
1317386513.276027 -81.174641 53.684349 1.449699 -0.002871 -0.006408 -0.692997 0.720907
1317386513.379902 -81.121120 52.590793 1.478325 -0.004414 -0.005604 -0.692954 0.720946
1317386513.483660 -81.064831 51.532883 1.510372 -0.005777 -0.004345 -0.692891 0.721006
1317386513.587398 -81.014740 50.482942 1.541260 -0.006848 -0.004465 -0.692687 0.721192
1317386513.691279 -80.967551 49.432501 1.566733 -0.007755 -0.004602 -0.692454 0.721406
1317386513.795028 -80.917285 48.391448 1.591261 -0.007897 -0.005563 -0.692235 0.721608
1317386513.898901 -80.872173 47.354627 1.623737 -0.006952 -0.004320 -0.692059 0.721795
1317386514.002653 -80.827965 46.300542 1.658413 -0.003904 -0.002528 -0.691783 0.722090
1317386514.106534 -80.779947 45.243781 1.692481 -0.001749 -0.002819 -0.691451 0.722416
1317386514.210284 -80.728244 44.175349 1.708364 0.000001 -0.007408 -0.690944 0.722871
1317386514.314163 -80.679160 43.138720 1.714614 -0.001533 -0.009441 -0.690608 0.723166
1317386514.418027 -80.621779 42.101463 1.739897 -0.002639 -0.009420 -0.690580 0.723190
1317386514.521926 -80.562920 41.048527 1.783425 -0.004284 -0.008090 -0.690410 0.723360
1317386514.625787 -80.509901 40.022016 1.827772 -0.004162 -0.008004 -0.690311 0.723456
1317386514.729650 -80.460733 38.976136 1.860433 -0.003337 -0.009888 -0.690066 0.723671
1317386514.833525 -80.410468 37.940914 1.884146 -0.002837 -0.012389 -0.690239 0.723470
1317386514.937406 -80.357195 36.895465 1.914060 -0.003117 -0.013233 -0.690385 0.723314
1317386515.041404 -80.306293 35.859805 1.953032 -0.002604 -0.012533 -0.690652 0.723074
1317386515.145289 -80.256143 34.831745 1.998398 -0.001090 -0.011068 -0.690973 0.722795
1317386515.249281 -80.207535 33.807637 2.040752 -0.000098 -0.010123 -0.691295 0.722502
1317386515.353159 -80.159208 32.801877 2.071949 0.000480 -0.010648 -0.691788 0.722022
1317386515.457039 -80.107961 31.801057 2.089677 -0.000314 -0.011283 -0.692042 0.721769
1317386515.561035 -80.057771 30.794561 2.112782 -0.001147 -0.010552 -0.692408 0.721428
1317386515.664903 -80.010456 29.773035 2.149336 -0.000949 -0.009064 -0.692979 0.720900
1317386515.768780 -79.964585 28.756312 2.185783 -0.000364 -0.008372 -0.693351 0.720552
1317386515.872789 -79.920666 27.752827 2.215540 0.000536 -0.009098 -0.693693 0.720213
1317386515.976780 -79.880720 26.746050 2.238058 0.000727 -0.009572 -0.693907 0.720000
1317386516.080655 -79.837990 25.749777 2.258018 0.001095 -0.009879 -0.694079 0.719830
1317386516.184670 -79.789303 24.768241 2.282307 0.000392 -0.008161 -0.694327 0.719613
1317386516.288537 -79.749025 23.810163 2.314855 0.000370 -0.007087 -0.694720 0.719245
1317386516.392537 -79.712624 22.879047 2.342834 0.000166 -0.006698 -0.694968 0.719009
1317386516.496412 -79.676221 21.966017 2.363107 0.000441 -0.006283 -0.695185 0.718803
1317386516.600415 -79.637896 21.048980 2.387476 0.000388 -0.004784 -0.695268 0.718734
1317386516.704474 -79.600388 20.149297 2.416023 0.000729 -0.004671 -0.694968 0.719025
1317386516.808288 -79.566276 19.285077 2.436967 0.000997 -0.005388 -0.694129 0.719830
1317386516.912287 -79.526357 18.443529 2.453345 0.000699 -0.006025 -0.692952 0.720958
1317386517.016163 -79.491575 17.636934 2.469751 -0.000149 -0.005084 -0.691562 0.722299
1317386517.120161 -79.449794 16.837328 2.494210 -0.000796 -0.004300 -0.690018 0.723779
1317386517.224051 -79.407501 16.051866 2.518917 -0.001408 -0.004495 -0.688222 0.725485
1317386517.328035 -79.361388 15.289147 2.538085 -0.001795 -0.005119 -0.685731 0.727835
1317386517.431907 -79.304374 14.551805 2.556026 -0.001370 -0.006443 -0.682373 0.730974
1317386517.535782 -79.245303 13.836967 2.572996 -0.001282 -0.008075 -0.678389 0.734657
1317386517.639537 -79.185544 13.146126 2.593172 -0.001548 -0.008061 -0.673761 0.738903
1317386517.743427 -79.120188 12.474981 2.614477 -0.001875 -0.007931 -0.669126 0.743104
1317386517.847290 -79.049190 11.823481 2.636973 -0.001894 -0.007352 -0.664088 0.747616
1317386517.951157 -78.966578 11.196205 2.657571 -0.000727 -0.007073 -0.658245 0.752770
1317386518.055043 -78.875317 10.604234 2.676555 -0.000219 -0.006741 -0.651871 0.758300
1317386518.158811 -78.779626 10.035629 2.693017 -0.001630 -0.005926 -0.644787 0.764338
1317386518.262664 -78.672126 9.471173 2.712495 -0.003117 -0.004768 -0.637018 0.770828
1317386518.366419 -78.556292 8.913795 2.731242 -0.003638 -0.004483 -0.628596 0.777711
1317386518.470160 -78.432937 8.368666 2.742294 -0.002848 -0.004160 -0.619641 0.784869
1317386518.573911 -78.294282 7.846742 2.755900 -0.003251 -0.003049 -0.610319 0.792143
1317386518.677653 -78.153105 7.335379 2.772814 -0.003794 -0.002108 -0.599948 0.800027
1317386518.781402 -77.994160 6.841157 2.783345 -0.004602 -0.002348 -0.587759 0.809020
1317386518.885041 -77.834782 6.358120 2.790901 -0.005306 -0.003359 -0.573787 0.818980
1317386518.988778 -77.654238 5.884172 2.798845 -0.005564 -0.004395 -0.558386 0.829551
1317386519.092413 -77.459990 5.424494 2.812592 -0.004555 -0.005020 -0.540909 0.841054
1317386519.195907 -77.260564 4.984116 2.824552 -0.001956 -0.004976 -0.520162 0.854051
1317386519.299529 -77.032489 4.567882 2.831319 -0.001062 -0.002889 -0.498257 0.867024
1317386519.403292 -76.787859 4.160202 2.848500 -0.003171 -0.000287 -0.475077 0.879939
1317386519.506922 -76.505761 3.773093 2.867310 -0.005386 0.000372 -0.452380 0.891809
1317386519.610669 -76.222680 3.400546 2.877862 -0.005275 -0.000995 -0.428000 0.903763
1317386519.714408 -75.923565 3.036667 2.877833 -0.002538 -0.003452 -0.403807 0.914834
1317386519.818158 -75.610173 2.689510 2.865940 -0.002977 -0.001173 -0.379469 0.925199
1317386519.921908 -75.277743 2.368956 2.873115 -0.006664 0.003587 -0.355676 0.934579
1317386520.025790 -74.928219 2.070607 2.895584 -0.010305 0.006809 -0.331472 0.943384
1317386520.129536 -74.569525 1.772914 2.908384 -0.010049 0.010057 -0.306165 0.951872
1317386520.233413 -74.189803 1.497300 2.905947 -0.006983 0.012921 -0.281249 0.959522
1317386520.337162 -73.796238 1.254217 2.890979 -0.005577 0.017063 -0.256546 0.966365
1317386520.441036 -73.377171 1.040298 2.879774 -0.009444 0.022904 -0.231845 0.972437
1317386520.544912 -72.951360 0.853624 2.899724 -0.012952 0.025891 -0.207273 0.977855
1317386520.648786 -72.511246 0.668063 2.896163 -0.012670 0.024299 -0.182662 0.982794
1317386520.752789 -72.066368 0.479123 2.865932 -0.010882 0.022322 -0.159588 0.986871
1317386520.856789 -71.623726 0.319232 2.833367 -0.010208 0.022372 -0.139586 0.989904
1317386520.960913 -71.164213 0.183219 2.809140 -0.011866 0.023526 -0.121373 0.992257
1317386521.064912 -70.686176 0.073762 2.789557 -0.015176 0.023793 -0.104113 0.994165
1317386521.169163 -70.195841 -0.035097 2.780482 -0.016519 0.023593 -0.089652 0.995557
1317386521.273410 -69.689999 -0.124427 2.770520 -0.015822 0.024304 -0.078773 0.996471
1317386521.377535 -69.199148 -0.189815 2.754056 -0.016601 0.025278 -0.068955 0.997161
1317386521.481783 -68.695990 -0.240157 2.729487 -0.014655 0.024849 -0.059638 0.997803
1317386521.586039 -68.159275 -0.312078 2.698528 -0.013587 0.024047 -0.052454 0.998241
1317386521.690287 -67.615068 -0.368505 2.669112 -0.013707 0.023450 -0.045323 0.998603
1317386521.794541 -67.052603 -0.418627 2.643676 -0.014904 0.023276 -0.038941 0.998859
1317386521.898661 -66.471247 -0.457337 2.627617 -0.014565 0.023156 -0.031881 0.999117
1317386522.002909 -65.857278 -0.487311 2.599007 -0.014390 0.022954 -0.025132 0.999317
1317386522.106899 -65.251320 -0.504298 2.570800 -0.012726 0.023432 -0.017729 0.999487
1317386522.211051 -64.625969 -0.520654 2.544295 -0.011754 0.023134 -0.010743 0.999606
1317386522.315279 -63.978543 -0.530631 2.520087 -0.012233 0.022921 -0.005441 0.999648
1317386522.419398 -63.324048 -0.538099 2.496813 -0.012835 0.022014 -0.001103 0.999675
1317386522.523529 -62.638787 -0.540811 2.470146 -0.012954 0.021555 0.002379 0.999681
1317386522.627779 -61.932061 -0.514676 2.436234 -0.012412 0.021310 0.003361 0.999690
1317386522.731910 -61.224141 -0.488709 2.402714 -0.012255 0.021394 0.004640 0.999685
1317386522.836035 -60.512058 -0.482115 2.381804 -0.012226 0.021791 0.006254 0.999668
1317386522.940288 -59.770304 -0.478248 2.359859 -0.012952 0.022739 0.007372 0.999630
1317386523.044416 -59.001032 -0.469884 2.331179 -0.013148 0.024055 0.008425 0.999589
1317386523.148419 -58.236038 -0.473785 2.304487 -0.013129 0.025326 0.010283 0.999540
1317386523.252539 -57.474129 -0.452556 2.275456 -0.012719 0.026482 0.011525 0.999502
1317386523.356660 -56.717841 -0.426022 2.242365 -0.012057 0.027638 0.013491 0.999454
1317386523.460661 -55.978039 -0.392658 2.208431 -0.010790 0.028210 0.015653 0.999421
1317386523.564662 -55.231303 -0.361339 2.178778 -0.009210 0.028231 0.016481 0.999423
1317386523.668784 -54.478950 -0.337050 2.144053 -0.009181 0.028413 0.018742 0.999378
1317386523.772790 -53.726883 -0.300739 2.111738 -0.009125 0.028161 0.020683 0.999348
1317386523.876663 -52.974248 -0.258340 2.075474 -0.008685 0.028474 0.022087 0.999313
1317386523.980660 -52.221006 -0.219455 2.040070 -0.009041 0.028869 0.023021 0.999277
1317386524.084662 -51.449083 -0.181838 2.008886 -0.008710 0.028845 0.023686 0.999265
1317386524.188662 -50.681019 -0.139925 1.975570 -0.009340 0.028735 0.024324 0.999247
1317386524.292662 -49.926798 -0.091758 1.936279 -0.009149 0.028856 0.024608 0.999239
1317386524.396662 -49.184915 -0.052714 1.899661 -0.008909 0.029139 0.024353 0.999239
1317386524.500659 -48.434648 -0.005710 1.869449 -0.008350 0.029639 0.024574 0.999224
1317386524.604539 -47.675308 0.036739 1.835720 -0.009035 0.030377 0.024834 0.999189
1317386524.708538 -46.931940 0.072685 1.800689 -0.008582 0.030938 0.024485 0.999184
1317386524.812413 -46.192821 0.115227 1.762408 -0.008361 0.031295 0.024300 0.999180
1317386524.916411 -45.449108 0.161519 1.721952 -0.008641 0.031181 0.024415 0.999178
1317386525.020412 -44.699676 0.199011 1.683802 -0.008492 0.031124 0.024354 0.999183
1317386525.124288 -43.949302 0.236657 1.649968 -0.008291 0.030556 0.023604 0.999220
1317386525.228287 -43.210827 0.272761 1.611145 -0.008392 0.031001 0.022997 0.999220
1317386525.332296 -42.484910 0.317051 1.577217 -0.009026 0.030734 0.022140 0.999242
1317386525.436285 -41.769593 0.352668 1.550007 -0.009140 0.030801 0.021697 0.999248
1317386525.540163 -41.068527 0.374814 1.517163 -0.007855 0.031773 0.020804 0.999248
1317386525.644163 -40.378717 0.406182 1.486584 -0.010007 0.032978 0.020716 0.999191
1317386525.748161 -39.686564 0.442707 1.458424 -0.009761 0.033782 0.019709 0.999187
1317386525.852038 -39.017589 0.477862 1.430857 -0.007884 0.032529 0.019501 0.999249
1317386525.956039 -38.345754 0.506513 1.390809 -0.006310 0.030930 0.019681 0.999308
1317386526.060038 -37.677851 0.529620 1.337558 -0.006764 0.029723 0.019131 0.999352
1317386526.164038 -37.029229 0.567539 1.296942 -0.008107 0.028785 0.018955 0.999373
1317386526.267914 -36.402721 0.600330 1.281002 -0.009278 0.028389 0.018903 0.999375
1317386526.371915 -35.765554 0.630561 1.271578 -0.010641 0.028218 0.018501 0.999374
1317386526.475913 -35.120199 0.660800 1.246705 -0.009348 0.027711 0.018134 0.999408
1317386526.579915 -34.491710 0.681599 1.199270 -0.010028 0.027663 0.018149 0.999402
1317386526.683788 -33.860313 0.716393 1.170240 -0.009304 0.027275 0.018175 0.999419
1317386526.787789 -33.237064 0.746774 1.148902 -0.010342 0.027159 0.018227 0.999411
1317386526.891798 -32.605029 0.771767 1.131047 -0.011755 0.027186 0.018522 0.999390
1317386526.995664 -31.990037 0.793901 1.112318 -0.011480 0.027671 0.018827 0.999374
1317386527.099664 -31.377785 0.819076 1.085241 -0.011349 0.028067 0.019294 0.999355
1317386527.203539 -30.765274 0.850613 1.059233 -0.010000 0.027984 0.019978 0.999359
1317386527.307538 -30.164627 0.877712 1.031039 -0.008959 0.027482 0.020849 0.999365
1317386527.411414 -29.563586 0.908725 1.000146 -0.008585 0.027227 0.021546 0.999360
1317386527.515413 -28.960961 0.941384 0.974595 -0.009393 0.026848 0.022205 0.999349
1317386527.619289 -28.357431 0.970919 0.952521 -0.009139 0.027151 0.023551 0.999312
1317386527.723288 -27.762111 0.999773 0.924865 -0.007776 0.027231 0.024206 0.999306
1317386527.827289 -27.162911 1.030623 0.901270 -0.007243 0.027164 0.024998 0.999292
1317386527.931170 -26.567564 1.058687 0.886465 -0.007610 0.027327 0.026060 0.999258
1317386528.035042 -25.979947 1.090957 0.861474 -0.008023 0.028138 0.027264 0.999200
1317386528.139038 -25.400381 1.123156 0.829911 -0.007362 0.028947 0.027890 0.999165
1317386528.242915 -24.823145 1.159005 0.811082 -0.007360 0.029176 0.028931 0.999128
1317386528.346913 -24.266312 1.196762 0.786314 -0.006651 0.030380 0.029636 0.999077
1317386528.450788 -23.704765 1.235024 0.764008 -0.005701 0.030349 0.030099 0.999070
1317386528.554791 -23.159732 1.272752 0.739087 -0.005305 0.030207 0.030026 0.999078
1317386528.658790 -22.610865 1.308273 0.721184 -0.006599 0.029884 0.029774 0.999088
1317386528.762789 -22.081168 1.346211 0.700250 -0.006336 0.030003 0.029050 0.999107
1317386528.866789 -21.560292 1.377654 0.681302 -0.008121 0.029649 0.028128 0.999132
1317386528.970665 -21.051912 1.402874 0.660747 -0.006241 0.029605 0.027395 0.999167
1317386529.074666 -20.555144 1.432277 0.637207 -0.005692 0.029725 0.026704 0.999185
1317386529.178664 -20.084140 1.462813 0.615386 -0.005563 0.029410 0.025993 0.999214
1317386529.282665 -19.606400 1.493638 0.596556 -0.005806 0.028949 0.025688 0.999234
1317386529.386664 -19.124327 1.520222 0.575902 -0.006296 0.029184 0.025049 0.999240
1317386529.490679 -18.661573 1.542835 0.558928 -0.006525 0.028975 0.024318 0.999263
1317386529.594669 -18.218777 1.564540 0.542849 -0.007315 0.029044 0.023733 0.999270
1317386529.698545 -17.803649 1.582202 0.534572 -0.007373 0.029132 0.022940 0.999285
1317386529.802555 -17.411403 1.604075 0.511968 -0.006122 0.029592 0.022466 0.999291
1317386529.906561 -17.030666 1.634469 0.498280 -0.006360 0.030025 0.022268 0.999281
1317386530.010540 -16.669476 1.656655 0.493911 -0.006960 0.030492 0.021436 0.999281
1317386530.114549 -16.297614 1.669092 0.487500 -0.007902 0.030487 0.021303 0.999277
1317386530.218534 -15.966458 1.682138 0.471599 -0.005862 0.030331 0.021092 0.999300
1317386530.322535 -15.665934 1.701916 0.456939 -0.004793 0.029896 0.020738 0.999326
1317386530.426547 -15.385505 1.715661 0.447066 -0.005623 0.029156 0.020428 0.999350
1317386530.530434 -15.119544 1.724058 0.437982 -0.006480 0.029119 0.020056 0.999354
1317386530.634427 -14.855818 1.735016 0.425563 -0.005445 0.028931 0.019775 0.999371
1317386530.738302 -14.588148 1.749978 0.409709 -0.005319 0.027861 0.019693 0.999404
1317386530.842296 -14.298983 1.764609 0.398985 -0.004731 0.026680 0.019409 0.999444
1317386530.946296 -14.045855 1.779755 0.393454 -0.004849 0.026400 0.019225 0.999455
1317386531.050286 -13.790736 1.789007 0.389838 -0.006119 0.026748 0.019100 0.999441
1317386531.154174 -13.537727 1.796516 0.378384 -0.005583 0.027047 0.018928 0.999439
1317386531.258168 -13.269288 1.805424 0.368721 -0.004963 0.027136 0.018905 0.999441
1317386531.362056 -13.013766 1.814974 0.361825 -0.004483 0.027068 0.018884 0.999445
1317386531.466072 -12.761927 1.824335 0.342972 -0.004629 0.027474 0.018752 0.999436
1317386531.570036 -12.517928 1.838928 0.333349 -0.004411 0.027481 0.019123 0.999430
1317386531.673922 -12.264503 1.850178 0.331484 -0.004549 0.027051 0.019204 0.999439
1317386531.777798 -12.023299 1.853546 0.329664 -0.004058 0.027128 0.020330 0.999417
1317386531.881792 -11.769753 1.863386 0.319934 -0.003367 0.027272 0.022849 0.999361
1317386531.985668 -11.528904 1.877674 0.310458 -0.003476 0.027140 0.025712 0.999295
1317386532.089548 -11.291415 1.897183 0.294639 -0.003624 0.027329 0.029538 0.999183
1317386532.193431 -11.057268 1.912513 0.282524 -0.003625 0.027080 0.033666 0.999060
1317386532.297293 -10.813551 1.924365 0.279996 -0.005107 0.026909 0.036482 0.998959
1317386532.401301 -10.581646 1.950033 0.274926 -0.004955 0.026815 0.038809 0.998874
1317386532.505173 -10.334710 1.977807 0.267737 -0.003950 0.026637 0.041195 0.998788
1317386532.609172 -10.090569 1.997060 0.257561 -0.004527 0.026491 0.043713 0.998683
1317386532.713211 -9.866309 2.013126 0.244871 -0.003987 0.026479 0.045755 0.998594
1317386532.817053 -9.641663 2.033178 0.232015 -0.005154 0.026459 0.047133 0.998525
1317386532.921046 -9.411207 2.059710 0.220730 -0.005341 0.026367 0.047183 0.998524
1317386533.025217 -9.168708 2.086697 0.213662 -0.005717 0.026222 0.046946 0.998537
1317386533.129169 -8.932691 2.115192 0.213459 -0.005470 0.025822 0.046314 0.998578
1317386533.233169 -8.695493 2.137972 0.204118 -0.003761 0.026141 0.045361 0.998622
1317386533.337294 -8.474871 2.158763 0.195603 -0.004853 0.026132 0.044330 0.998663
1317386533.441291 -8.258211 2.182799 0.183931 -0.003812 0.026096 0.042968 0.998728
1317386533.545294 -8.033611 2.192084 0.176661 -0.003686 0.026174 0.041551 0.998787
1317386533.649418 -7.807438 2.204649 0.173868 -0.003579 0.025758 0.039984 0.998862
1317386533.753417 -7.570895 2.231695 0.167320 -0.003396 0.025688 0.038616 0.998918
1317386533.857419 -7.335181 2.262327 0.156690 -0.003980 0.025676 0.037007 0.998977
1317386533.961416 -7.118737 2.286969 0.149430 -0.003579 0.025613 0.034868 0.999057
1317386534.065418 -6.891916 2.299546 0.145386 -0.003661 0.025333 0.032564 0.999142
1317386534.169293 -6.680333 2.312924 0.132183 -0.003235 0.024601 0.030544 0.999225
1317386534.273294 -6.429855 2.326525 0.117328 -0.002329 0.023737 0.027900 0.999326
1317386534.377295 -6.153627 2.350595 0.099154 -0.002574 0.023258 0.025802 0.999393
1317386534.481293 -5.883570 2.364310 0.085287 -0.004052 0.023528 0.023568 0.999437
1317386534.585294 -5.604687 2.387569 0.080727 -0.002281 0.023851 0.021272 0.999487
1317386534.689170 -5.320203 2.396333 0.080693 -0.002109 0.024127 0.018673 0.999532
1317386534.793169 -5.014171 2.402878 0.072699 -0.002006 0.024600 0.015801 0.999570
1317386534.897045 -4.700556 2.417931 0.054004 -0.001707 0.025598 0.013445 0.999580
1317386535.001043 -4.384523 2.433243 0.039143 0.000568 0.025659 0.011104 0.999609
1317386535.105043 -4.058616 2.438869 0.018117 0.000627 0.026208 0.009081 0.999615
1317386535.208932 -3.727592 2.444026 -0.000409 0.000442 0.026788 0.006594 0.999619
1317386535.312796 -3.386361 2.450735 -0.009041 0.001781 0.027203 0.004774 0.999617
1317386535.416793 -3.045704 2.451489 -0.019008 0.003545 0.027507 0.002911 0.999611
1317386535.520670 -2.703687 2.452078 -0.024630 0.006001 0.026863 0.001445 0.999620
1317386535.624543 -2.343081 2.447590 -0.046679 0.005822 0.025584 0.000528 0.999656
1317386535.728418 -1.956146 2.448628 -0.076063 0.004898 0.024411 0.000070 0.999690
1317386535.832296 -1.558553 2.463255 -0.106228 0.000908 0.024445 -0.000990 0.999700
1317386535.936310 -1.140808 2.468900 -0.115903 -0.002284 0.024991 -0.003293 0.999680
1317386536.040295 -0.728882 2.471945 -0.116411 -0.004464 0.025580 -0.006919 0.999639
1317386536.144171 -0.343640 2.459778 -0.124108 0.001862 0.025361 -0.011761 0.999607
1317386536.248168 0.022708 2.443340 -0.153974 0.005860 0.024575 -0.014174 0.999580
1317386536.351921 0.382575 2.427085 -0.192837 0.008925 0.022996 -0.013588 0.999603
1317386536.455545 0.750630 2.411238 -0.223997 0.006607 0.021927 -0.008790 0.999699
1317386536.559170 1.147192 2.403306 -0.248279 0.002434 0.021136 -0.000490 0.999774
1317386536.662921 1.531081 2.407464 -0.268248 -0.001749 0.019988 0.009843 0.999750
1317386536.766669 1.915849 2.417269 -0.268905 -0.002934 0.018514 0.019063 0.999643
1317386536.870303 2.281892 2.431851 -0.271873 0.000200 0.018903 0.029903 0.999374
1317386536.974045 2.637481 2.459317 -0.287802 0.001464 0.020638 0.042484 0.998883
1317386537.077671 2.975479 2.494180 -0.294099 -0.000802 0.025106 0.055392 0.998149
1317386537.181420 3.333728 2.540928 -0.306640 -0.004234 0.027272 0.068529 0.997267
1317386537.285047 3.686055 2.603939 -0.319360 -0.004835 0.028019 0.082058 0.996222
1317386537.388796 4.024228 2.665882 -0.343057 -0.006020 0.029539 0.094278 0.995089
1317386537.492669 4.374984 2.717785 -0.363468 -0.005693 0.031365 0.104216 0.994044
1317386537.596544 4.715812 2.782523 -0.375820 -0.005618 0.032087 0.111913 0.993184
1317386537.700545 5.058977 2.868744 -0.370146 -0.008446 0.033876 0.115803 0.992658
1317386537.804672 5.401806 2.965558 -0.359650 -0.010997 0.034698 0.117578 0.992396
1317386537.908795 5.729200 3.073343 -0.363215 -0.011056 0.035010 0.116122 0.992556
1317386538.013049 6.036680 3.168188 -0.391352 -0.010255 0.034952 0.111876 0.993054
1317386538.117296 6.328588 3.214477 -0.410129 -0.006989 0.036154 0.106742 0.993605
1317386538.221423 6.605247 3.248779 -0.433061 -0.004318 0.037877 0.102114 0.994042
1317386538.325672 6.861745 3.286554 -0.452188 -0.005225 0.038733 0.096289 0.994586
1317386538.429801 7.064399 3.334626 -0.456760 -0.006176 0.039217 0.091494 0.995014
1317386538.533798 7.223831 3.371903 -0.454569 -0.006741 0.038455 0.086350 0.995500
1317386538.637924 7.330768 3.392121 -0.460630 -0.005833 0.038000 0.081847 0.995903
1317386538.742045 7.424663 3.400022 -0.467003 -0.003910 0.037584 0.079223 0.996141
1317386538.846049 7.495332 3.410347 -0.478924 -0.004096 0.037473 0.077194 0.996303
1317386538.950046 7.536543 3.419106 -0.484239 -0.004370 0.036794 0.075924 0.996425
1317386539.054046 7.540889 3.425821 -0.474625 -0.004374 0.035972 0.076571 0.996405
1317386539.158046 7.520321 3.425261 -0.467870 -0.004283 0.035399 0.077414 0.996361
1317386539.262047 7.506379 3.414586 -0.466726 -0.004637 0.033762 0.076757 0.996467
1317386539.366046 7.516276 3.409129 -0.478067 -0.004489 0.031604 0.076754 0.996539
1317386539.469922 7.521019 3.407959 -0.492932 -0.004463 0.031469 0.077121 0.996515
1317386539.573924 7.524961 3.408723 -0.494988 -0.004542 0.032273 0.076898 0.996506
1317386539.677923 7.526573 3.411380 -0.484187 -0.004399 0.032718 0.076524 0.996521
1317386539.781922 7.527233 3.420904 -0.472057 -0.004442 0.032841 0.076951 0.996484
1317386539.885921 7.533487 3.424240 -0.468887 -0.004444 0.033015 0.076653 0.996501
