1317386426.075841 -0.000860 -0.003562 0.001271 -0.001722 -0.000558 0.004592 0.999988
1317386426.179715 0.081403 0.002828 -0.001807 -0.000696 -0.001235 0.010653 0.999942
1317386426.283468 0.182385 0.007653 0.002651 -0.000875 -0.000386 0.018166 0.999835
1317386426.387217 0.393468 0.001313 -0.001207 -0.000562 -0.000243 0.026337 0.999653
1317386426.490967 0.575565 0.010425 -0.003598 0.001292 -0.000826 0.036016 0.999350
1317386426.594719 0.697324 0.028951 -0.007574 0.000698 -0.001235 0.047981 0.998847
1317386426.698468 0.884982 0.053646 -0.003214 -0.000360 -0.001161 0.059957 0.998200
1317386426.802218 1.061181 0.092696 -0.000330 -0.002857 -0.001437 0.072756 0.997345
1317386426.905965 1.254356 0.116406 0.010005 -0.004582 -0.002177 0.086296 0.996257
1317386427.009592 1.451502 0.158693 0.006396 -0.005033 -0.002604 0.101563 0.994813
1317386427.113341 1.646784 0.187392 0.002593 -0.005326 -0.002511 0.117288 0.993081
1317386427.217092 1.814144 0.233146 0.003766 -0.006634 -0.002208 0.133797 0.990984
1317386427.320716 2.014763 0.303383 0.011302 -0.007274 -0.002017 0.151545 0.988422
1317386427.424348 2.215986 0.371212 0.008769 -0.008713 -0.001785 0.169351 0.985516
1317386427.528093 2.425970 0.447619 0.010171 -0.010305 -0.001593 0.186875 0.982328
1317386427.631842 2.632685 0.538791 0.002482 -0.011584 -0.001606 0.205544 0.978578
1317386427.735468 2.846441 0.627036 0.009801 -0.009727 -0.002017 0.225456 0.974203
1317386427.839217 3.036059 0.718817 0.000312 -0.005979 -0.002064 0.246552 0.969109
1317386427.942844 3.235535 0.822031 -0.008952 -0.006042 -0.000869 0.269009 0.963118
1317386428.046466 3.441054 0.941402 0.004110 -0.009423 0.000947 0.293294 0.955975
1317386428.149972 3.645006 1.092504 0.024463 -0.011917 0.001362 0.318308 0.947911
1317386428.253596 3.845612 1.261325 0.023848 -0.012155 0.001226 0.344883 0.938566
1317386428.357346 4.053537 1.427997 0.021051 -0.009240 0.002176 0.371574 0.928355
1317386428.460969 4.265426 1.618575 0.002934 -0.006200 0.003624 0.398838 0.916993
1317386428.564594 4.470327 1.827275 -0.000554 -0.005219 0.004472 0.425488 0.904938
1317386428.668344 4.651630 2.066102 0.002684 -0.004979 0.006381 0.452287 0.891836
1317386428.772094 4.843228 2.325162 0.000917 -0.004610 0.007681 0.479459 0.877518
1317386428.875724 5.004499 2.589575 -0.008466 -0.005204 0.008747 0.506325 0.862283
1317386428.979468 5.178048 2.871437 -0.009797 -0.005424 0.010378 0.532390 0.846418
1317386429.083221 5.341762 3.186034 -0.013573 -0.005868 0.011141 0.558067 0.829701
1317386429.186971 5.477287 3.518529 -0.020267 -0.006567 0.012663 0.582325 0.812831
1317386429.290721 5.578961 3.889399 -0.015941 -0.005832 0.015273 0.605463 0.795705
1317386429.394597 5.674279 4.281086 -0.021795 -0.004701 0.016829 0.626800 0.778984
1317386429.498600 5.754258 4.672295 -0.041719 -0.005129 0.016875 0.645809 0.763296
1317386429.602511 5.788469 5.075908 -0.062253 -0.006563 0.015456 0.662259 0.749087
1317386429.706601 5.835984 5.496465 -0.077299 -0.006709 0.014571 0.676725 0.736061
1317386429.810724 5.869314 5.933773 -0.088412 -0.005579 0.013995 0.689590 0.724043
1317386429.914846 5.886041 6.400220 -0.101134 -0.004248 0.013155 0.701273 0.712759
1317386430.018974 5.899468 6.888948 -0.113091 -0.003796 0.012414 0.711196 0.702874
1317386430.123230 5.877435 7.387238 -0.126398 -0.003686 0.011640 0.719062 0.694839
1317386430.227597 5.857821 7.885840 -0.154307 -0.002803 0.011473 0.724748 0.688913
1317386430.331973 5.798820 8.415785 -0.160091 -0.003210 0.011242 0.728816 0.684610
1317386430.436225 5.647904 8.978417 -0.172419 -0.004039 0.011163 0.731313 0.681939
1317386430.540597 5.521904 9.572864 -0.181706 -0.006053 0.010740 0.733169 0.679935
1317386430.644849 5.399329 10.185678 -0.196539 -0.006773 0.010933 0.734548 0.678435
1317386430.749225 5.389268 10.768804 -0.206327 -0.005587 0.012184 0.734821 0.678129
1317386430.853472 5.374512 11.374298 -0.220141 -0.004013 0.014591 0.734134 0.678836
1317386430.957848 5.338529 11.981954 -0.221206 -0.004600 0.016108 0.733660 0.679310
1317386431.062101 5.280965 12.634216 -0.238187 -0.006815 0.015469 0.733164 0.679842
1317386431.166353 5.196555 13.309511 -0.243558 -0.005408 0.015088 0.732503 0.680575
1317386431.270609 5.145697 14.013570 -0.267054 -0.005772 0.013927 0.732098 0.681032
1317386431.374722 5.093087 14.729197 -0.292127 -0.006356 0.014595 0.731353 0.681813
1317386431.478978 5.049747 15.448178 -0.306278 -0.009455 0.014632 0.730806 0.682363
1317386431.583100 4.977803 16.179978 -0.300409 -0.011257 0.015319 0.729926 0.683262
1317386431.687226 4.931604 16.905221 -0.330431 -0.011720 0.015346 0.729674 0.683522
1317386431.791347 4.875967 17.671116 -0.361431 -0.009365 0.015675 0.729142 0.684119
1317386431.895345 4.817130 18.464445 -0.405582 -0.009681 0.013464 0.728405 0.684946
1317386431.999473 4.764580 19.264710 -0.419621 -0.009675 0.014904 0.727978 0.685370
1317386432.103596 4.727376 20.037989 -0.431122 -0.010484 0.015534 0.727772 0.685564
1317386432.207601 4.668944 20.837108 -0.451417 -0.011065 0.016901 0.727203 0.686125
1317386432.311720 4.616828 21.672836 -0.474785 -0.010238 0.016686 0.727095 0.686257
1317386432.415720 4.563127 22.464921 -0.493505 -0.006037 0.015012 0.726924 0.686527
1317386432.519719 4.515063 23.270595 -0.534720 -0.002897 0.013694 0.727108 0.686380
1317386432.623723 4.470805 24.086041 -0.569507 -0.002139 0.013389 0.727198 0.686294
1317386432.727721 4.414443 24.925824 -0.574903 -0.006318 0.014326 0.727589 0.685835
1317386432.831597 4.366879 25.798333 -0.574318 -0.010606 0.016530 0.727559 0.685764
1317386432.935601 4.308590 26.636933 -0.584451 -0.013526 0.018356 0.727805 0.685405
1317386433.039596 4.251489 27.469910 -0.603314 -0.015005 0.018653 0.727956 0.685206
1317386433.143598 4.193832 28.289561 -0.634285 -0.013240 0.018101 0.728061 0.685145
1317386433.247474 4.141749 29.118312 -0.675988 -0.010224 0.018055 0.728197 0.685054
1317386433.351474 4.096038 29.937120 -0.715339 -0.010953 0.016809 0.728447 0.684808
1317386433.455347 4.046350 30.759037 -0.729022 -0.013597 0.017170 0.728289 0.684920
1317386433.559349 3.972732 31.589464 -0.729110 -0.013671 0.017153 0.728354 0.684850
1317386433.663348 3.907481 32.433778 -0.771119 -0.012360 0.015263 0.728231 0.685051
1317386433.767348 3.854383 33.272579 -0.811458 -0.009882 0.013517 0.728162 0.685201
1317386433.871348 3.809052 34.125432 -0.842548 -0.009970 0.012722 0.727948 0.685442
1317386433.975222 3.743459 34.954673 -0.849509 -0.011866 0.013369 0.727733 0.685628
1317386434.079228 3.688415 35.765979 -0.843794 -0.013942 0.014505 0.727593 0.685714
1317386434.183223 3.631734 36.595895 -0.863673 -0.015272 0.017176 0.727349 0.685882
1317386434.287100 3.585704 37.439882 -0.894931 -0.016338 0.019393 0.727391 0.685755
1317386434.391099 3.534381 38.293980 -0.925036 -0.016443 0.020237 0.727361 0.685759
1317386434.495104 3.482095 39.130970 -0.962943 -0.014422 0.019812 0.727217 0.685970
1317386434.599102 3.422200 39.976400 -1.000373 -0.012491 0.017476 0.727101 0.686195
1317386434.703102 3.363166 40.787437 -1.033352 -0.013015 0.015032 0.726904 0.686451
1317386434.806973 3.303056 41.616737 -1.065103 -0.014733 0.012425 0.727226 0.686128
1317386434.910977 3.250272 42.457406 -1.074033 -0.013561 0.012590 0.727550 0.685805
1317386435.014849 3.203599 43.263629 -1.084864 -0.010721 0.013293 0.727770 0.685609
1317386435.118847 3.151641 44.067654 -1.117092 -0.007201 0.014078 0.728275 0.685103
1317386435.222723 3.101886 44.907530 -1.155641 -0.008115 0.014963 0.728701 0.684621
1317386435.326727 3.041975 45.741132 -1.163627 -0.011291 0.016511 0.729440 0.683752
1317386435.430599 2.981612 46.553745 -1.158835 -0.011596 0.020816 0.729959 0.683076
1317386435.534475 2.931158 47.376009 -1.172994 -0.011275 0.021222 0.730521 0.682467
1317386435.638473 2.869138 48.170848 -1.203677 -0.010245 0.019318 0.730908 0.682125
1317386435.742350 2.792283 48.980197 -1.243161 -0.009998 0.016324 0.731211 0.681883
1317386435.846348 2.721737 49.772613 -1.274194 -0.010773 0.014439 0.731770 0.681313
1317386435.950223 2.655757 50.568894 -1.292686 -0.012754 0.012998 0.732233 0.680811
1317386436.054099 2.598025 51.361614 -1.305900 -0.013444 0.014099 0.732548 0.680436
1317386436.158098 2.545342 52.160008 -1.314693 -0.014041 0.014052 0.732874 0.680074
1317386436.261974 2.466137 52.958103 -1.332038 -0.013979 0.013690 0.733192 0.679740
1317386436.365974 2.399230 53.730272 -1.355879 -0.014285 0.014123 0.733266 0.679646
1317386436.469851 2.344823 54.494521 -1.387160 -0.014765 0.014948 0.733450 0.679419
1317386436.573849 2.286375 55.269484 -1.402585 -0.017022 0.016208 0.733414 0.679376
1317386436.677724 2.217349 56.040869 -1.411683 -0.018085 0.018068 0.733453 0.679259
1317386436.781725 2.147942 56.811859 -1.433003 -0.017323 0.018796 0.733721 0.678970
1317386436.885600 2.085608 57.569169 -1.466204 -0.016528 0.018592 0.733871 0.678834
1317386436.989598 2.028279 58.311963 -1.492603 -0.013310 0.019236 0.733782 0.678982
1317386437.093475 1.961388 59.035730 -1.520949 -0.012147 0.017785 0.733893 0.678923
1317386437.197477 1.900411 59.749909 -1.546516 -0.011917 0.016375 0.733494 0.679394
1317386437.301477 1.847471 60.452429 -1.558630 -0.012602 0.015015 0.732751 0.680215
1317386437.405476 1.791518 61.141118 -1.571407 -0.013158 0.015207 0.731533 0.681509
1317386437.509599 1.752201 61.815265 -1.585990 -0.013386 0.016235 0.729450 0.683710
1317386437.613601 1.698494 62.462295 -1.591873 -0.014860 0.016396 0.726882 0.686406
1317386437.717725 1.646817 63.083159 -1.604235 -0.014282 0.018046 0.724024 0.689391
1317386437.821850 1.615500 63.718881 -1.622963 -0.015356 0.018103 0.720018 0.693549
1317386437.925976 1.590321 64.342028 -1.641695 -0.017313 0.017381 0.714970 0.698724
1317386438.030227 1.577494 64.925049 -1.662567 -0.018215 0.017721 0.708864 0.704887
1317386438.134476 1.557889 65.515861 -1.677292 -0.018434 0.017888 0.699758 0.713918
1317386438.238727 1.536696 66.067015 -1.699818 -0.017926 0.018341 0.690516 0.722862
1317386438.343099 1.576040 66.611423 -1.726964 -0.017246 0.018417 0.678951 0.733750
1317386438.447476 1.622997 67.137887 -1.749363 -0.017106 0.018817 0.665949 0.745564
1317386438.551849 1.664025 67.654483 -1.760960 -0.016341 0.020011 0.650793 0.758816
1317386438.656226 1.734851 68.170041 -1.781010 -0.015686 0.020225 0.634171 0.772769
1317386438.760725 1.805450 68.648679 -1.794998 -0.015749 0.020873 0.615948 0.787353
1317386438.865102 1.912553 69.119233 -1.801083 -0.014035 0.022540 0.596045 0.802512
1317386438.969600 2.037256 69.573226 -1.805378 -0.009990 0.023646 0.574517 0.818090
1317386439.073977 2.190724 70.026680 -1.835458 -0.006016 0.024065 0.552354 0.833241
1317386439.178476 2.367661 70.474608 -1.866862 -0.002993 0.024515 0.528578 0.848525
1317386439.282855 2.573321 70.902697 -1.909580 -0.002737 0.024390 0.504271 0.863197
1317386439.387103 2.791665 71.291553 -1.918418 -0.003425 0.024969 0.480180 0.876808
1317386439.491479 3.033934 71.646968 -1.904348 -0.001280 0.026689 0.457186 0.888970
1317386439.595731 3.299644 71.975702 -1.903055 0.003795 0.029856 0.433979 0.900420
1317386439.699976 3.582403 72.284710 -1.932875 0.006412 0.030527 0.410004 0.911550
1317386439.804233 3.864214 72.619968 -1.963571 0.005793 0.027516 0.384897 0.922531
1317386439.908486 4.167331 72.956489 -1.997668 0.005854 0.021114 0.359198 0.933004
1317386440.012726 4.495751 73.275901 -2.038118 0.005035 0.014893 0.332378 0.943015
1317386440.116978 4.858762 73.568580 -2.053301 0.003674 0.011873 0.304578 0.952406
1317386440.221225 5.248094 73.843918 -2.042372 0.002906 0.011934 0.276853 0.960834
1317386440.325352 5.663922 74.101647 -2.056931 0.002003 0.010207 0.248995 0.968449
1317386440.429478 6.111833 74.327811 -2.074437 0.001220 0.010036 0.222382 0.974907
1317386440.533480 6.599726 74.551553 -2.075892 -0.002353 0.010232 0.198772 0.979990
1317386440.637476 7.111817 74.767738 -2.084883 -0.005116 0.008599 0.177098 0.984142
1317386440.741357 7.649628 74.953318 -2.100169 -0.007805 0.008353 0.157459 0.987459
1317386440.845107 8.223747 75.108826 -2.103306 -0.008834 0.008988 0.141823 0.989812
1317386440.948730 8.820564 75.252714 -2.107074 -0.008443 0.009942 0.129682 0.991470
1317386441.052480 9.447356 75.391102 -2.119470 -0.007863 0.010899 0.119733 0.992715
1317386441.156231 10.070350 75.539398 -2.134905 -0.009747 0.012146 0.110391 0.993766
1317386441.259982 10.699897 75.700957 -2.145702 -0.010773 0.012956 0.102778 0.994562
1317386441.363605 11.354969 75.844411 -2.161614 -0.014058 0.013667 0.096225 0.995167
1317386441.467355 12.028747 75.964097 -2.169346 -0.013118 0.013315 0.090391 0.995731
1317386441.571109 12.703320 76.088696 -2.195258 -0.011934 0.013193 0.084167 0.996293
1317386441.674855 13.408099 76.201139 -2.224438 -0.011643 0.013257 0.075709 0.996974
1317386441.778604 14.106095 76.322787 -2.234187 -0.012347 0.013903 0.068940 0.997448
1317386441.882482 14.815990 76.446050 -2.238777 -0.014165 0.013435 0.062038 0.997883
1317386441.986230 15.541903 76.532423 -2.247640 -0.013797 0.011324 0.056663 0.998234
1317386442.090107 16.290982 76.599263 -2.273124 -0.012512 0.007619 0.052015 0.998539
1317386442.193854 17.052396 76.670629 -2.317804 -0.014950 0.006025 0.048490 0.998694
1317386442.297606 17.831910 76.725904 -2.328821 -0.016889 0.008775 0.045073 0.998802
1317386442.401486 18.615656 76.799937 -2.305855 -0.021537 0.013737 0.041890 0.998796
1317386442.505232 19.404433 76.877972 -2.278124 -0.022598 0.016969 0.039605 0.998816
1317386442.608983 20.142253 76.963331 -2.297729 -0.019197 0.016781 0.037771 0.998961
1317386442.712731 20.902767 77.027843 -2.355865 -0.018868 0.015880 0.036340 0.999035
1317386442.816608 21.671492 77.092967 -2.386877 -0.018073 0.015701 0.034780 0.999108
1317386442.920357 22.447545 77.134659 -2.388358 -0.018003 0.017634 0.032891 0.999141
1317386443.024237 23.215079 77.185473 -2.380424 -0.018292 0.018796 0.032037 0.999142
1317386443.127979 23.985182 77.239064 -2.392332 -0.017529 0.018460 0.030408 0.999213
1317386443.231857 24.742586 77.289276 -2.426501 -0.015023 0.014791 0.029384 0.999346
1317386443.335728 25.487208 77.351687 -2.465676 -0.017129 0.010614 0.028807 0.999382
1317386443.439478 26.244449 77.401198 -2.485023 -0.017350 0.007644 0.028092 0.999426
1317386443.543352 27.012949 77.444722 -2.487485 -0.018733 0.008113 0.027680 0.999408
1317386443.647229 27.774140 77.505644 -2.476396 -0.021422 0.010516 0.026457 0.999365
1317386443.751103 28.524062 77.553579 -2.462336 -0.023570 0.013533 0.025261 0.999311
1317386443.854855 29.287837 77.596263 -2.473054 -0.023047 0.015263 0.023561 0.999340
1317386443.958728 30.035764 77.632320 -2.494752 -0.020619 0.015057 0.022870 0.999412
1317386444.062604 30.788565 77.667812 -2.513278 -0.018831 0.014825 0.022180 0.999467
1317386444.166478 31.530487 77.700483 -2.531740 -0.019715 0.014506 0.021443 0.999470
1317386444.270230 32.302766 77.741427 -2.547123 -0.018651 0.013567 0.021039 0.999513
1317386444.374104 33.067914 77.776504 -2.556025 -0.016558 0.013263 0.020929 0.999556
1317386444.477980 33.831959 77.814072 -2.563052 -0.017881 0.014207 0.020659 0.999526
1317386444.581855 34.613774 77.852768 -2.585183 -0.018991 0.014008 0.020298 0.999515
1317386444.685728 35.393242 77.891437 -2.603103 -0.017327 0.013917 0.020883 0.999535
1317386444.789604 36.178870 77.926368 -2.621868 -0.017544 0.013963 0.022045 0.999506
1317386444.893357 36.973359 77.956410 -2.646954 -0.017454 0.014344 0.023639 0.999465
1317386444.997228 37.780550 78.005116 -2.655760 -0.017602 0.014615 0.025066 0.999424
1317386445.101105 38.601121 78.058771 -2.671160 -0.019165 0.012499 0.026687 0.999382
1317386445.204855 39.421463 78.114333 -2.689811 -0.017845 0.010175 0.027805 0.999402
1317386445.308730 40.241683 78.170661 -2.719962 -0.019442 0.009266 0.028737 0.999355
1317386445.412604 41.059151 78.224997 -2.734673 -0.020694 0.010025 0.029873 0.999289
1317386445.516479 41.898803 78.276912 -2.732694 -0.019707 0.011216 0.030963 0.999263
1317386445.620358 42.743563 78.324220 -2.738354 -0.018552 0.011673 0.032038 0.999246
1317386445.724235 43.582182 78.375357 -2.761638 -0.020033 0.013290 0.032934 0.999168
1317386445.828236 44.424362 78.442262 -2.784395 -0.019644 0.015488 0.032911 0.999145
1317386445.932108 45.281937 78.507502 -2.797234 -0.018718 0.018004 0.033214 0.999111
1317386446.035983 46.149260 78.571716 -2.814948 -0.019644 0.017930 0.032043 0.999133
1317386446.139985 47.004054 78.634289 -2.834604 -0.020093 0.017557 0.030573 0.999176
1317386446.243860 47.856720 78.689345 -2.856837 -0.019867 0.015999 0.029928 0.999227
1317386446.347855 48.719947 78.746496 -2.886150 -0.016847 0.015233 0.028945 0.999323
1317386446.451734 49.596751 78.806349 -2.911387 -0.016981 0.014357 0.027855 0.999365
1317386446.555610 50.473273 78.858427 -2.930851 -0.016917 0.015861 0.027437 0.999355
1317386446.659610 51.372561 78.914645 -2.938617 -0.014979 0.017704 0.026881 0.999370
1317386446.763486 52.252900 78.963025 -2.950794 -0.015406 0.018313 0.026399 0.999365
1317386446.867359 53.112092 79.011880 -2.973209 -0.015437 0.017364 0.025815 0.999397
1317386446.971235 53.969592 79.068171 -2.996083 -0.017099 0.014185 0.025159 0.999437
1317386447.075356 54.818620 79.119272 -3.019856 -0.016865 0.011305 0.024907 0.999484
1317386447.179230 55.678280 79.178727 -3.044288 -0.019044 0.008206 0.024345 0.999489
1317386447.283231 56.533008 79.232427 -3.064156 -0.020626 0.006658 0.023970 0.999478
1317386447.387108 57.391390 79.274818 -3.070591 -0.020552 0.009194 0.023869 0.999462
1317386447.490982 58.254390 79.309065 -3.063101 -0.021673 0.015284 0.024247 0.999354
1317386447.594980 59.101148 79.358438 -3.035605 -0.024427 0.019740 0.024559 0.999205
1317386447.698859 59.927403 79.400285 -3.040597 -0.023844 0.019170 0.025904 0.999196
1317386447.802734 60.746528 79.438540 -3.087492 -0.017334 0.016221 0.027207 0.999348
1317386447.906859 61.571682 79.487016 -3.132763 -0.016871 0.015633 0.028086 0.999341
1317386448.010733 62.411505 79.546179 -3.146943 -0.018791 0.014567 0.029796 0.999273
1317386448.114611 63.237576 79.600373 -3.147457 -0.019274 0.013551 0.031605 0.999223
1317386448.218483 64.061977 79.652378 -3.161960 -0.020895 0.011512 0.033905 0.999140
1317386448.322482 64.879857 79.712405 -3.177600 -0.019780 0.009105 0.035761 0.999123
1317386448.426481 65.690152 79.782377 -3.193861 -0.023156 0.009320 0.036979 0.999004
1317386448.530356 66.492756 79.852497 -3.198498 -0.025225 0.009751 0.038911 0.998877
1317386448.634357 67.307554 79.924262 -3.215591 -0.027470 0.013068 0.041151 0.998690
1317386448.738238 68.110768 79.998508 -3.218876 -0.028439 0.016252 0.042744 0.998549
1317386448.842108 68.909359 80.075758 -3.223462 -0.028470 0.018222 0.045022 0.998414
1317386448.946107 69.698325 80.151720 -3.237598 -0.028613 0.018906 0.048735 0.998223
1317386449.050107 70.482286 80.226322 -3.257204 -0.027610 0.020196 0.051731 0.998075
1317386449.153983 71.257874 80.299850 -3.284483 -0.027204 0.020864 0.054842 0.997906
1317386449.257859 72.030489 80.395754 -3.303654 -0.028148 0.020564 0.058094 0.997702
1317386449.361857 72.803018 80.505123 -3.325699 -0.028325 0.019224 0.060572 0.997577
1317386449.465734 73.557324 80.604026 -3.349292 -0.028944 0.017011 0.064013 0.997384
1317386449.569732 74.326707 80.702537 -3.382042 -0.026986 0.016502 0.066782 0.997266
1317386449.673608 75.088627 80.810180 -3.413347 -0.029721 0.018414 0.068858 0.997014
1317386449.777607 75.844605 80.919500 -3.433569 -0.029962 0.021351 0.072032 0.996724
1317386449.881487 76.610479 81.032326 -3.442496 -0.031159 0.022749 0.075071 0.996432
1317386449.985482 77.374591 81.164529 -3.455482 -0.029871 0.021699 0.078708 0.996214
1317386450.089359 78.140510 81.297823 -3.497013 -0.023146 0.018331 0.082658 0.996140
1317386450.193234 78.886226 81.424918 -3.535419 -0.026115 0.016188 0.087763 0.995667
1317386450.297108 79.621901 81.561251 -3.565032 -0.028028 0.017617 0.093099 0.995106
1317386450.400985 80.379941 81.703464 -3.586389 -0.030314 0.020392 0.099174 0.994399
1317386450.504860 81.117864 81.840384 -3.614264 -0.032654 0.024140 0.104839 0.993660
1317386450.608735 81.820281 81.987076 -3.630031 -0.027455 0.027393 0.110557 0.993113
1317386450.712609 82.536221 82.157688 -3.639956 -0.028993 0.025794 0.116496 0.992433
1317386450.816484 83.252181 82.344065 -3.665755 -0.026222 0.021287 0.122806 0.991856
1317386450.920359 83.962948 82.536141 -3.714972 -0.024810 0.017787 0.129257 0.991141
1317386451.024235 84.693765 82.727957 -3.780575 -0.028190 0.019024 0.134984 0.990264
1317386451.128110 85.429885 82.934562 -3.824387 -0.028185 0.023676 0.140975 0.989329
1317386451.231986 86.164821 83.166371 -3.830956 -0.027998 0.027345 0.146552 0.988428
1317386451.335885 86.887926 83.402728 -3.829440 -0.024955 0.027656 0.152899 0.987539
1317386451.439867 87.612824 83.634299 -3.853404 -0.022458 0.025322 0.159492 0.986619
1317386451.543735 88.319661 83.868716 -3.896638 -0.020084 0.022529 0.164523 0.985911
1317386451.647611 89.009514 84.111590 -3.950970 -0.018567 0.019543 0.168260 0.985374
1317386451.751610 89.719282 84.363801 -4.004793 -0.018339 0.018496 0.172242 0.984710
1317386451.855608 90.433720 84.628090 -4.036301 -0.020932 0.018081 0.176177 0.983970
1317386451.959482 91.146017 84.894721 -4.052448 -0.024676 0.018249 0.180269 0.983138
1317386452.063360 91.864862 85.170431 -4.089383 -0.024223 0.021361 0.184439 0.982313
1317386452.167361 92.582489 85.446844 -4.133816 -0.024641 0.025217 0.187972 0.981541
1317386452.271237 93.291047 85.740100 -4.164444 -0.028912 0.029332 0.191337 0.980660
1317386452.375237 93.986012 86.052747 -4.172884 -0.031839 0.028892 0.194531 0.979954
1317386452.479243 94.682069 86.349684 -4.204417 -0.029528 0.024362 0.197446 0.979566
1317386452.583233 95.366831 86.636058 -4.260145 -0.023703 0.020979 0.200073 0.979270
1317386452.687234 96.057823 86.928466 -4.322767 -0.023774 0.019938 0.202464 0.978798
1317386452.791110 96.752216 87.242134 -4.366520 -0.030312 0.021860 0.204706 0.978110
1317386452.895117 97.474724 87.572328 -4.385754 -0.033445 0.024000 0.207106 0.977452
1317386452.998986 98.207086 87.907516 -4.389274 -0.029400 0.024846 0.210599 0.976814
1317386453.102861 98.930808 88.228943 -4.424494 -0.027109 0.021852 0.212866 0.976461
1317386453.206860 99.626468 88.551402 -4.484172 -0.024464 0.018192 0.215382 0.976054
1317386453.310735 100.308664 88.877547 -4.545142 -0.024863 0.016792 0.218369 0.975405
1317386453.414736 101.005286 89.212852 -4.575467 -0.028121 0.018631 0.220302 0.974848
1317386453.518614 101.715951 89.553920 -4.587535 -0.030908 0.019750 0.222598 0.974220
1317386453.622519 102.415424 89.905850 -4.607295 -0.029898 0.020590 0.225086 0.973662
1317386453.726360 103.106108 90.252214 -4.634484 -0.028762 0.020348 0.227802 0.973070
1317386453.830362 103.791869 90.595537 -4.671725 -0.028535 0.019951 0.229935 0.972583
1317386453.934239 104.461413 90.934736 -4.706759 -0.027607 0.020506 0.231863 0.972140
1317386454.038236 105.120483 91.272671 -4.741416 -0.026850 0.021495 0.234253 0.971567
1317386454.142112 105.784188 91.618702 -4.772594 -0.027241 0.021631 0.236561 0.970994
1317386454.245986 106.457564 91.976162 -4.789386 -0.026125 0.020495 0.239014 0.970448
1317386454.349986 107.134248 92.340576 -4.813814 -0.023400 0.018413 0.241386 0.969972
1317386454.453861 107.798889 92.698578 -4.854698 -0.022579 0.017291 0.243519 0.969479
1317386454.557862 108.439697 93.042881 -4.906892 -0.025196 0.017801 0.245431 0.968923
1317386454.661739 109.079359 93.388851 -4.937499 -0.027834 0.021733 0.247038 0.968362
1317386454.765735 109.718322 93.742656 -4.943064 -0.029710 0.026513 0.248651 0.967774
1317386454.869615 110.343129 94.100760 -4.942314 -0.027887 0.030371 0.250197 0.967317
1317386454.973611 110.937797 94.443288 -4.966848 -0.023231 0.031405 0.251736 0.967007
1317386455.077487 111.526691 94.775983 -5.017032 -0.020450 0.030603 0.253345 0.966675
1317386455.181360 112.093504 95.098949 -5.067763 -0.019470 0.028996 0.254976 0.966316
1317386455.285360 112.658498 95.420166 -5.107345 -0.018676 0.028633 0.256572 0.965920
1317386455.389238 113.201689 95.738312 -5.137795 -0.017368 0.028785 0.257681 0.965645
1317386455.493112 113.723305 96.050551 -5.162424 -0.018462 0.029197 0.258929 0.965278
1317386455.597112 114.231540 96.350626 -5.184895 -0.019619 0.029714 0.260039 0.964941
1317386455.700987 114.718886 96.629801 -5.209405 -0.018812 0.030485 0.261346 0.964580
1317386455.804861 115.182273 96.893650 -5.237551 -0.016308 0.031262 0.262336 0.964332
1317386455.908738 115.630397 97.158163 -5.260312 -0.016316 0.030997 0.263398 0.964051
1317386456.012738 116.028007 97.410526 -5.282451 -0.016208 0.029645 0.264647 0.963753
1317386456.116610 116.415836 97.651991 -5.306273 -0.016092 0.027864 0.265890 0.963466
1317386456.220363 116.783787 97.871355 -5.336458 -0.014640 0.026007 0.267713 0.963036
1317386456.324238 117.148276 98.083174 -5.354521 -0.013714 0.026248 0.270183 0.962353
1317386456.428111 117.505325 98.298836 -5.373453 -0.013081 0.027780 0.272941 0.961541
1317386456.531987 117.853867 98.516680 -5.394465 -0.014833 0.028377 0.276149 0.960581
1317386456.635862 118.161294 98.732894 -5.415213 -0.018359 0.029367 0.279921 0.959398
1317386456.739614 118.433508 98.909826 -5.422597 -0.021360 0.032352 0.282552 0.958468
1317386456.843489 118.703346 99.081661 -5.428288 -0.020836 0.035189 0.286267 0.957277
1317386456.947239 118.959937 99.245435 -5.439232 -0.018393 0.036597 0.290608 0.955965
1317386457.051115 119.218513 99.417476 -5.462700 -0.015969 0.037249 0.295374 0.954522
1317386457.154741 119.458283 99.576880 -5.484571 -0.014518 0.038426 0.302319 0.952321
1317386457.258488 119.667699 99.722059 -5.498819 -0.014580 0.039313 0.309893 0.949847
1317386457.362116 119.840745 99.852336 -5.502338 -0.015655 0.039366 0.318493 0.946978
1317386457.465863 120.007024 99.971474 -5.505296 -0.015059 0.038654 0.328186 0.943702
1317386457.569490 120.168806 100.101513 -5.518109 -0.014319 0.036545 0.338596 0.940113
1317386457.673239 120.318351 100.243056 -5.539345 -0.012525 0.034279 0.349280 0.936307
1317386457.776988 120.475187 100.383465 -5.569492 -0.013177 0.032158 0.359014 0.932685
1317386457.880738 120.617851 100.526709 -5.598739 -0.016534 0.030135 0.369029 0.928782
1317386457.984489 120.739459 100.684056 -5.610671 -0.018345 0.028847 0.380065 0.924328
1317386458.088115 120.874466 100.822719 -5.617654 -0.016455 0.029590 0.391021 0.919759
1317386458.191866 121.038235 100.962517 -5.636891 -0.014495 0.031088 0.402765 0.914661
1317386458.295622 121.167806 101.101624 -5.655403 -0.014309 0.032838 0.415067 0.909086
1317386458.399239 121.270325 101.243199 -5.668665 -0.016210 0.033753 0.428337 0.902843
1317386458.502989 121.386077 101.398939 -5.679829 -0.017781 0.034740 0.441895 0.896218
1317386458.606738 121.507623 101.559219 -5.682770 -0.018888 0.035477 0.455169 0.889498
1317386458.710364 121.614997 101.727909 -5.695552 -0.020047 0.036114 0.468905 0.882282
1317386458.814116 121.710003 101.894457 -5.710615 -0.022398 0.036378 0.482207 0.875015
1317386458.917988 121.802921 102.053849 -5.718731 -0.023870 0.036775 0.495759 0.867353
1317386459.021616 121.901562 102.224043 -5.716923 -0.023076 0.037255 0.509655 0.859262
1317386459.125365 122.000043 102.402400 -5.725843 -0.021323 0.036633 0.524363 0.850439
1317386459.229115 122.106009 102.616844 -5.745593 -0.019720 0.035253 0.540102 0.840629
1317386459.332740 122.189401 102.854977 -5.773198 -0.018085 0.034246 0.557326 0.829390
1317386459.436363 122.274676 103.100770 -5.797068 -0.017354 0.034505 0.575102 0.817169
1317386459.539989 122.349172 103.348301 -5.820969 -0.016282 0.034333 0.593171 0.804180
1317386459.643741 122.426483 103.631247 -5.845679 -0.014476 0.034084 0.612145 0.789878
1317386459.747365 122.499881 103.927102 -5.875140 -0.012974 0.033862 0.631599 0.774447
1317386459.851117 122.561411 104.254239 -5.903798 -0.012015 0.034017 0.651260 0.757996
1317386459.954741 122.609010 104.603546 -5.929248 -0.011231 0.035045 0.670930 0.740607
1317386460.058488 122.635615 104.954456 -5.949285 -0.010722 0.036879 0.690495 0.722317
1317386460.162239 122.654953 105.312404 -5.964895 -0.009337 0.039366 0.709879 0.703161
1317386460.265990 122.652694 105.688160 -5.983373 -0.007876 0.041293 0.728864 0.683367
1317386460.369742 122.637753 106.082953 -6.010919 -0.006432 0.043150 0.747132 0.663243
1317386460.473492 122.592579 106.496321 -6.036776 -0.005693 0.044626 0.764567 0.642973
1317386460.577365 122.521720 106.914283 -6.061057 -0.004807 0.045884 0.780896 0.622955
1317386460.681246 122.425855 107.336072 -6.078186 -0.002739 0.047606 0.796398 0.602889
1317386460.784992 122.307470 107.774185 -6.100453 -0.000463 0.049608 0.811324 0.582488
1317386460.888864 122.160546 108.223728 -6.129183 0.001467 0.051637 0.824914 0.562893
1317386460.992869 121.982708 108.679439 -6.161414 0.002695 0.053268 0.837749 0.543445
1317386461.096742 121.767736 109.163937 -6.195702 0.004140 0.054522 0.849503 0.524742
1317386461.200742 121.525392 109.637159 -6.222788 0.004636 0.054443 0.859703 0.507863
1317386461.304991 121.263257 110.113901 -6.243007 0.005090 0.054258 0.867974 0.493611
1317386461.409116 121.003084 110.594774 -6.266998 0.005183 0.052985 0.874726 0.481685
1317386461.513367 120.706457 111.079769 -6.291210 0.005686 0.051747 0.879501 0.473041
1317386461.617620 120.379864 111.569777 -6.312979 0.005548 0.051556 0.883082 0.466344
1317386461.721991 120.030409 112.041504 -6.325988 0.005322 0.051830 0.885561 0.461592
1317386461.826245 119.657541 112.526872 -6.346746 0.005241 0.051869 0.887690 0.457481
1317386461.930490 119.254941 113.029560 -6.368708 0.005530 0.053275 0.889368 0.454044
1317386462.034746 118.851946 113.561544 -6.389366 0.005459 0.053328 0.890966 0.450894
1317386462.138994 118.459389 114.103071 -6.410332 0.004894 0.052904 0.892712 0.447484
1317386462.243245 118.056721 114.655425 -6.431702 0.004671 0.052792 0.893656 0.445612
1317386462.347370 117.618158 115.265746 -6.455840 0.004740 0.053240 0.894794 0.443268
1317386462.451621 117.162749 115.875641 -6.482152 0.005184 0.054867 0.895261 0.442120
1317386462.555744 116.681971 116.487908 -6.507168 0.004808 0.054277 0.895758 0.441190
1317386462.659869 116.197572 117.115271 -6.537229 0.005138 0.054832 0.896001 0.440623
1317386462.764116 115.687641 117.751573 -6.563001 0.005561 0.054655 0.896000 0.440643
1317386462.868122 115.167783 118.400400 -6.590264 0.006173 0.054474 0.896608 0.439419
1317386462.972242 114.640410 119.077322 -6.626541 0.006016 0.054550 0.896956 0.438700
1317386463.076365 114.125275 119.758333 -6.654668 0.004909 0.054911 0.896811 0.438966
1317386463.180492 113.619817 120.418771 -6.673381 0.002956 0.054219 0.897181 0.438312
1317386463.284495 113.089298 121.095753 -6.694564 0.002731 0.054715 0.897329 0.437948
1317386463.388617 112.563858 121.781840 -6.727341 0.004328 0.055731 0.897217 0.438038
1317386463.492616 112.004369 122.481930 -6.769497 0.005640 0.055226 0.897508 0.437490
1317386463.596619 111.426773 123.201730 -6.806175 0.006146 0.056049 0.897718 0.436948
1317386463.700618 110.856023 123.928891 -6.830278 0.006657 0.057618 0.897792 0.436583
1317386463.804617 110.274516 124.649587 -6.859412 0.007375 0.056629 0.898052 0.436166
1317386463.908619 109.683613 125.381191 -6.893958 0.008974 0.055750 0.898260 0.435822
1317386464.012616 109.081950 126.134593 -6.932234 0.011060 0.054664 0.898677 0.435051
1317386464.116494 108.466272 126.906069 -6.957191 0.010838 0.053268 0.898522 0.435549
1317386464.220495 107.834132 127.686842 -6.968910 0.009274 0.051646 0.898709 0.435395
1317386464.324492 107.213376 128.466744 -6.978022 0.007087 0.051301 0.898789 0.435312
1317386464.428367 106.589505 129.255023 -6.996942 0.005868 0.052155 0.898848 0.435107
1317386464.532368 105.956517 130.045707 -7.021800 0.005399 0.053692 0.898886 0.434848
1317386464.636246 105.324455 130.830165 -7.048524 0.005421 0.054998 0.898824 0.434811
1317386464.740244 104.703116 131.606065 -7.076052 0.005307 0.055064 0.898899 0.434650
1317386464.844119 104.095484 132.369777 -7.104185 0.004785 0.054330 0.899012 0.434515
1317386464.948005 103.488237 133.133168 -7.128140 0.004282 0.054589 0.899000 0.434512
1317386465.052004 102.865807 133.901448 -7.156139 0.003585 0.054897 0.899076 0.434322
1317386465.155868 102.240878 134.667503 -7.178144 0.002797 0.055487 0.899188 0.434021
1317386465.259866 101.608571 135.448012 -7.209305 0.002976 0.055601 0.899438 0.433487
1317386465.363756 100.994585 136.215515 -7.240542 0.003780 0.056187 0.899590 0.433090
1317386465.467631 100.384964 136.970500 -7.272032 0.004242 0.056353 0.899738 0.432756
1317386465.571614 99.783488 137.724168 -7.297398 0.004071 0.056330 0.900035 0.432143
1317386465.675501 99.160809 138.490345 -7.326596 0.004041 0.056036 0.900315 0.431597
1317386465.779365 98.529330 139.255531 -7.355384 0.004094 0.055833 0.900461 0.431320
1317386465.883252 97.905922 140.037409 -7.386486 0.004458 0.055151 0.900592 0.431130
1317386465.987125 97.293612 140.798442 -7.411951 0.004306 0.054458 0.900835 0.430710
1317386466.090994 96.671663 141.556617 -7.441266 0.003387 0.054001 0.900743 0.430970
1317386466.195000 96.053926 142.316716 -7.460733 0.002398 0.052637 0.900630 0.431380
1317386466.298877 95.437099 143.070316 -7.489738 0.003171 0.052702 0.900386 0.431876
1317386466.402784 94.831397 143.814522 -7.523297 0.003451 0.051734 0.900038 0.432715
1317386466.506752 94.224790 144.555345 -7.556297 0.003993 0.052490 0.899665 0.433396
1317386466.610623 93.601585 145.329329 -7.578513 0.003147 0.052687 0.899323 0.434087
1317386466.714502 92.994544 146.100358 -7.600060 0.001583 0.054109 0.898967 0.434659
1317386466.818376 92.387989 146.880083 -7.623540 -0.001168 0.056934 0.898554 0.435152
1317386466.922249 91.766518 147.660652 -7.662297 -0.002798 0.058922 0.898559 0.434869
1317386467.026119 91.149618 148.423020 -7.710308 -0.000772 0.059149 0.898387 0.435203
1317386467.129869 90.530305 149.175133 -7.757149 0.002767 0.058385 0.898578 0.434903
1317386467.233756 89.922338 149.935560 -7.789160 0.003482 0.058206 0.898512 0.435058
1317386467.337494 89.312400 150.713288 -7.819807 0.001435 0.057574 0.898565 0.435044
1317386467.441380 88.691036 151.491214 -7.847481 0.000211 0.059244 0.898683 0.434578
1317386467.545132 88.076202 152.247464 -7.882180 0.001145 0.059577 0.898701 0.434495
1317386467.649005 87.462105 152.993016 -7.921805 0.002659 0.059951 0.898820 0.434191
1317386467.752753 86.841449 153.746765 -7.961094 0.002335 0.059606 0.899204 0.433443
1317386467.856506 86.242002 154.507804 -7.993916 0.000183 0.059389 0.899384 0.433106
1317386467.960370 85.637311 155.269809 -8.022048 -0.001863 0.060645 0.899467 0.432756
1317386468.064121 85.047144 156.003901 -8.054030 -0.002032 0.061792 0.899432 0.432665
1317386468.167882 84.452110 156.757550 -8.096936 -0.001032 0.062320 0.899646 0.432149
1317386468.271627 83.829458 157.515498 -8.143506 0.000511 0.062728 0.899824 0.431719
1317386468.375533 83.224964 158.259873 -8.183066 0.000809 0.062011 0.899963 0.431534
1317386468.479254 82.611195 159.010960 -8.220082 0.000213 0.060557 0.899721 0.432243
1317386468.583125 82.000209 159.749454 -8.250457 -0.000271 0.059310 0.899580 0.432709
1317386468.686883 81.399331 160.476806 -8.283848 -0.000176 0.059142 0.899616 0.432659
1317386468.790757 80.813070 161.195491 -8.318192 -0.001081 0.058236 0.899482 0.433059
1317386468.894624 80.238144 161.912835 -8.355879 -0.000941 0.058635 0.899310 0.433361
1317386468.998372 79.657102 162.625464 -8.394008 -0.000196 0.058806 0.899182 0.433605
1317386469.102272 79.085170 163.356736 -8.432168 -0.000044 0.057985 0.899094 0.433898
1317386469.206117 78.509893 164.083254 -8.465162 0.000394 0.058181 0.898984 0.434100
1317386469.309868 77.926523 164.808992 -8.495662 0.000369 0.059471 0.898712 0.434489
1317386469.413754 77.335163 165.535088 -8.528415 0.000319 0.061142 0.898597 0.434493
1317386469.517617 76.774667 166.247431 -8.561571 0.000800 0.060596 0.898489 0.434793
1317386469.621504 76.219288 166.961888 -8.597935 0.002524 0.059540 0.898438 0.435039
1317386469.725379 75.664177 167.655309 -8.643382 0.004583 0.059754 0.898181 0.435522
1317386469.829129 75.099387 168.343536 -8.675404 0.003474 0.058974 0.898034 0.435941
1317386469.932998 74.538272 169.038530 -8.690177 0.001814 0.058033 0.898066 0.436012
1317386470.036878 74.003196 169.715373 -8.709729 0.001614 0.058394 0.897967 0.436167
1317386470.140640 73.468581 170.396636 -8.735157 0.002362 0.058754 0.897981 0.436088
1317386470.244512 72.934477 171.066100 -8.764421 0.002716 0.059017 0.897913 0.436190
1317386470.348385 72.396375 171.738334 -8.793728 0.002558 0.058816 0.897999 0.436041
1317386470.452139 71.850242 172.397180 -8.819128 0.002099 0.058563 0.898246 0.435568
1317386470.556008 71.342572 173.034298 -8.838473 0.001892 0.058336 0.898183 0.435730
1317386470.659877 70.842486 173.676638 -8.857662 0.001915 0.059091 0.898179 0.435637
1317386470.763629 70.353404 174.296879 -8.882639 0.001175 0.059535 0.898141 0.435657
1317386470.867500 69.853200 174.903213 -8.910918 -0.000062 0.059939 0.898284 0.435308
1317386470.971383 69.361574 175.519508 -8.937275 -0.000435 0.061303 0.898158 0.435378
1317386471.075247 68.882123 176.132421 -8.959185 -0.000863 0.062195 0.898247 0.435067
1317386471.178996 68.414065 176.722932 -8.985339 -0.000767 0.063420 0.898179 0.435030
1317386471.282916 67.948342 177.301367 -9.014044 -0.000556 0.064232 0.898264 0.434736
1317386471.386755 67.500144 177.849850 -9.044814 -0.000633 0.064084 0.898586 0.434092
1317386471.490759 67.076099 178.381946 -9.070227 -0.000414 0.064924 0.898738 0.433652
1317386471.594507 66.672956 178.901376 -9.090091 0.000654 0.065669 0.899221 0.432538
1317386471.698374 66.231678 179.432541 -9.118769 0.001984 0.066182 0.900092 0.430639
1317386471.802251 65.808308 179.953315 -9.144545 0.003183 0.067754 0.901363 0.427719
1317386471.906005 65.401755 180.440245 -9.170295 0.004346 0.069490 0.903396 0.423117
1317386472.009752 64.991798 180.933308 -9.195742 0.004384 0.069515 0.905981 0.417548
1317386472.113497 64.581660 181.406256 -9.213814 0.004809 0.070955 0.908603 0.411562
1317386472.217250 64.172190 181.863023 -9.228538 0.005258 0.072007 0.911877 0.404065
1317386472.321009 63.756537 182.302690 -9.244957 0.006593 0.073898 0.915550 0.395303
1317386472.424626 63.348194 182.726372 -9.268736 0.007956 0.075535 0.919651 0.385323
1317386472.528252 62.922805 183.139421 -9.292718 0.008435 0.076393 0.924647 0.372988
1317386472.631886 62.506542 183.535279 -9.313768 0.007694 0.075495 0.929983 0.359684
1317386472.735641 62.091156 183.893967 -9.317449 0.006770 0.073884 0.935544 0.345329
1317386472.839253 61.684739 184.223232 -9.315034 0.006183 0.072444 0.941569 0.328880
1317386472.942881 61.267387 184.542882 -9.321422 0.006288 0.071213 0.947456 0.311796
1317386473.046506 60.871545 184.863912 -9.330270 0.006143 0.071100 0.953471 0.292916
1317386473.150133 60.450213 185.170666 -9.345556 0.006049 0.070401 0.959746 0.271837
1317386473.253755 60.033755 185.425951 -9.355472 0.006507 0.066293 0.966110 0.249386
1317386473.357508 59.590080 185.640661 -9.357462 0.006822 0.060402 0.972131 0.226420
1317386473.461255 59.128893 185.834771 -9.352425 0.007775 0.054369 0.977612 0.203119
1317386473.564884 58.664314 186.024728 -9.345597 0.009868 0.050532 0.982271 0.180257
1317386473.668630 58.201524 186.200243 -9.335616 0.012365 0.048766 0.986527 0.155669
1317386473.772384 57.744661 186.334252 -9.337857 0.013165 0.048471 0.990213 0.130216
1317386473.876132 57.285409 186.465434 -9.333358 0.013374 0.048144 0.993202 0.105132
1317386473.979886 56.813845 186.550324 -9.331339 0.012182 0.045770 0.995710 0.079482
1317386474.083754 56.350169 186.603965 -9.313770 0.009199 0.038769 0.997753 0.053854
1317386474.187506 55.902211 186.621402 -9.273232 0.007474 0.034548 0.998959 0.028823
1317386474.291250 55.470691 186.630353 -9.252467 0.009175 0.036642 0.999281 0.003164
1317386474.395123 55.023596 186.654103 -9.243249 0.011547 0.042195 0.998757 -0.023890
1317386474.498882 54.565200 186.667553 -9.238795 0.012968 0.043895 0.997695 -0.050093
1317386474.602748 54.107000 186.628067 -9.225343 0.014165 0.044356 0.996085 -0.075145
1317386474.706620 53.678197 186.541599 -9.194698 0.015961 0.042883 0.993885 -0.100491
1317386474.810373 53.251911 186.437754 -9.171444 0.018046 0.042025 0.990992 -0.125869
1317386474.914246 52.809671 186.327217 -9.157247 0.018936 0.043258 0.987297 -0.151706
1317386475.018122 52.384266 186.221278 -9.148961 0.019121 0.046455 0.983171 -0.175643
1317386475.122121 51.940081 186.093356 -9.128030 0.019111 0.042914 0.979050 -0.198127
1317386475.226122 51.522409 185.924942 -9.090299 0.017086 0.039103 0.974885 -0.218583
1317386475.330122 51.101820 185.731136 -9.046258 0.015222 0.039033 0.970486 -0.237492
1317386475.434373 50.674277 185.503146 -9.011601 0.013849 0.041102 0.966272 -0.253845
1317386475.538496 50.271427 185.252876 -8.982972 0.013653 0.041556 0.962348 -0.268279
1317386475.642748 49.881466 184.997659 -8.960681 0.013450 0.040082 0.959065 -0.280014
1317386475.747000 49.456070 184.744396 -8.935045 0.013524 0.039360 0.956332 -0.289305
1317386475.851250 49.055014 184.491185 -8.899252 0.014428 0.038590 0.954270 -0.296092
1317386475.955626 48.642957 184.233596 -8.865260 0.014894 0.038153 0.952065 -0.303142
1317386476.060000 48.232897 183.963931 -8.836313 0.015690 0.037257 0.950650 -0.307620
1317386476.164379 47.820276 183.657199 -8.810137 0.017282 0.035858 0.949644 -0.310792
1317386476.268625 47.405123 183.331477 -8.785713 0.018297 0.037051 0.948444 -0.314239
1317386476.373001 46.995143 182.996236 -8.756935 0.018150 0.037262 0.947828 -0.316077
1317386476.477248 46.582320 182.669657 -8.718540 0.018079 0.039131 0.947092 -0.318053
1317386476.581627 46.129309 182.346066 -8.675124 0.018245 0.038870 0.946724 -0.319170
1317386476.685874 45.689903 182.019607 -8.636447 0.019799 0.036587 0.946313 -0.320565
1317386476.790126 45.257697 181.670215 -8.600480 0.020957 0.033747 0.946256 -0.320970
1317386476.894375 44.815658 181.324449 -8.567329 0.020238 0.034364 0.946180 -0.321175
1317386476.998499 44.333484 180.963444 -8.529755 0.018755 0.038194 0.946055 -0.321201
1317386477.102748 43.831583 180.583884 -8.491027 0.018699 0.038678 0.946281 -0.320479
1317386477.206873 43.306579 180.176396 -8.446558 0.020579 0.036814 0.946307 -0.320507
1317386477.311000 42.766097 179.735509 -8.400388 0.024352 0.037648 0.946440 -0.319752
1317386477.415137 42.223166 179.312678 -8.373693 0.027472 0.039050 0.946421 -0.319386
1317386477.519251 41.672725 178.899639 -8.334730 0.027682 0.038970 0.946517 -0.319095
1317386477.623249 41.119002 178.486966 -8.277201 0.026883 0.035973 0.946672 -0.319054
1317386477.727374 40.550209 178.066395 -8.213318 0.026337 0.033102 0.946701 -0.319324
1317386477.831374 39.967325 177.616268 -8.147641 0.026141 0.028770 0.946992 -0.318897
1317386477.935374 39.361817 177.135658 -8.093366 0.026224 0.028940 0.946889 -0.319180
1317386478.039499 38.741973 176.640480 -8.048653 0.024931 0.028072 0.947023 -0.318962
1317386478.143502 38.105658 176.150282 -8.005112 0.023059 0.027581 0.947124 -0.318849
1317386478.247498 37.450235 175.651791 -7.945524 0.022208 0.025253 0.947323 -0.318511
1317386478.351499 36.786756 175.142396 -7.878468 0.023079 0.024931 0.947152 -0.318980
1317386478.455499 36.126856 174.636755 -7.831776 0.024591 0.027891 0.946977 -0.319144
1317386478.559500 35.464008 174.128210 -7.798311 0.024961 0.028578 0.946884 -0.319328
1317386478.663500 34.775416 173.598504 -7.753709 0.023517 0.025391 0.947027 -0.319283
1317386478.767498 34.087340 173.079404 -7.677621 0.020214 0.026647 0.946987 -0.319526
1317386478.871500 33.390389 172.556957 -7.607998 0.020105 0.028069 0.947001 -0.319369
1317386478.975503 32.679374 172.017261 -7.549437 0.021089 0.030745 0.946845 -0.319522
1317386479.079500 31.959256 171.470688 -7.505529 0.022985 0.033668 0.946682 -0.319580
1317386479.183375 31.218870 170.904125 -7.466080 0.024484 0.034365 0.946686 -0.319382
1317386479.287374 30.481638 170.326012 -7.406877 0.024920 0.033833 0.946878 -0.318837
1317386479.391375 29.744620 169.762143 -7.327653 0.024468 0.031687 0.947082 -0.318486
1317386479.495250 29.012702 169.209678 -7.248265 0.023324 0.030276 0.947247 -0.318217
1317386479.599250 28.271199 168.655442 -7.167253 0.021118 0.029975 0.947434 -0.317842
1317386479.703124 27.530031 168.093375 -7.090674 0.019653 0.031519 0.947522 -0.317524
1317386479.807126 26.769360 167.516753 -7.029066 0.018047 0.035629 0.947222 -0.318081
1317386479.911000 26.009891 166.950045 -6.980866 0.016691 0.036919 0.947266 -0.317878
1317386480.015001 25.279028 166.383787 -6.921699 0.013412 0.036228 0.947453 -0.317553
1317386480.118875 24.530406 165.821035 -6.848381 0.009277 0.036842 0.947429 -0.317703
1317386480.222750 23.793820 165.277781 -6.781848 0.009315 0.038378 0.947334 -0.317802
1317386480.326752 23.051338 164.717852 -6.731834 0.012124 0.040441 0.947248 -0.317707
1317386480.430636 22.303621 164.138175 -6.691946 0.016752 0.042659 0.947221 -0.317290
1317386480.534512 21.565915 163.580314 -6.645478 0.019355 0.043295 0.947351 -0.316664
1317386480.638387 20.821323 163.017657 -6.575172 0.018549 0.040984 0.947693 -0.315997
1317386480.742250 20.089559 162.467283 -6.488853 0.016769 0.039233 0.947972 -0.315480
1317386480.846129 19.366349 161.924330 -6.415483 0.014872 0.040027 0.948057 -0.315223
1317386480.950005 18.632823 161.391473 -6.360010 0.015231 0.038601 0.948381 -0.314406
1317386481.054019 17.900189 160.838569 -6.310492 0.015894 0.036950 0.949473 -0.311261
1317386481.158004 17.160886 160.277971 -6.248143 0.015421 0.035940 0.950869 -0.307113
1317386481.262002 16.421776 159.733122 -6.178119 0.015744 0.037128 0.952463 -0.301974
1317386481.366006 15.687959 159.220935 -6.122706 0.015700 0.037237 0.954528 -0.295370
1317386481.470177 14.953369 158.718154 -6.071199 0.013837 0.039761 0.957094 -0.286705
1317386481.574252 14.201594 158.231271 -6.018820 0.011732 0.039293 0.960094 -0.276655
1317386481.678375 13.448576 157.767967 -5.960893 0.010692 0.040325 0.963213 -0.265483
1317386481.782508 12.683125 157.315881 -5.907723 0.010213 0.043340 0.966834 -0.251495
1317386481.886767 11.894316 156.870881 -5.865613 0.010199 0.044702 0.970500 -0.236700
1317386481.991004 11.110875 156.458516 -5.826359 0.008596 0.047701 0.974229 -0.220293
1317386482.095263 10.338138 156.091178 -5.770478 0.008238 0.048711 0.977774 -0.203757
1317386482.199376 9.552750 155.752272 -5.726739 0.010368 0.052866 0.980788 -0.187490
1317386482.303638 8.753792 155.439318 -5.705104 0.016082 0.054688 0.983648 -0.170845
1317386482.407763 7.966690 155.152106 -5.687689 0.019779 0.054101 0.986455 -0.153583
1317386482.511921 7.184582 154.889090 -5.645072 0.020545 0.051171 0.988945 -0.137652
1317386482.615891 6.384134 154.656997 -5.553857 0.019651 0.048747 0.991040 -0.122792
1317386482.719881 5.554560 154.452069 -5.467143 0.019453 0.049308 0.992476 -0.110374
1317386482.823768 4.723184 154.269918 -5.421882 0.020505 0.052080 0.993472 -0.099402
1317386482.927629 3.876846 154.092018 -5.411114 0.020940 0.052363 0.994284 -0.090663
1317386483.031502 3.038970 153.951223 -5.364758 0.017341 0.049595 0.995370 -0.080488
1317386483.135383 2.160853 153.818730 -5.287897 0.014970 0.048881 0.996106 -0.071832
1317386483.239257 1.272092 153.676477 -5.235647 0.015162 0.049391 0.996681 -0.062912
1317386483.343131 0.381693 153.556385 -5.214537 0.016884 0.049990 0.997101 -0.054820
1317386483.446892 -0.513300 153.446073 -5.189783 0.018735 0.051763 0.997335 -0.047877
1317386483.550630 -1.421258 153.346112 -5.149575 0.018161 0.053947 0.997477 -0.042423
1317386483.654389 -2.345670 153.291221 -5.088747 0.013486 0.056260 0.997531 -0.039803
1317386483.758131 -3.293470 153.218981 -5.021977 0.007324 0.055997 0.997646 -0.038899
1317386483.861772 -4.241624 153.127204 -4.999034 0.005948 0.056447 0.997647 -0.038456
1317386483.965511 -5.188267 153.043999 -5.005018 0.007966 0.056369 0.997663 -0.037772
1317386484.069259 -6.153160 152.971847 -5.003810 0.010389 0.055138 0.997715 -0.037649
1317386484.172881 -7.134106 152.872214 -4.971528 0.012172 0.050995 0.997918 -0.037552
1317386484.276761 -8.120646 152.782861 -4.917722 0.011994 0.046830 0.998137 -0.037232
1317386484.380423 -9.112464 152.708114 -4.868154 0.011168 0.046043 0.998155 -0.037978
1317386484.484143 -10.118241 152.639581 -4.833674 0.009612 0.044513 0.998220 -0.038501
1317386484.588007 -11.130412 152.560550 -4.809506 0.009673 0.044896 0.998186 -0.038924
1317386484.691765 -12.152378 152.465812 -4.788432 0.010078 0.045233 0.998126 -0.039958
1317386484.795514 -13.171747 152.373235 -4.761961 0.010995 0.044533 0.998132 -0.040362
1317386484.899390 -14.203841 152.277770 -4.725989 0.011927 0.043559 0.998150 -0.040698
1317386485.003139 -15.241736 152.186243 -4.686413 0.012368 0.041580 0.998231 -0.040648
1317386485.107015 -16.272332 152.105287 -4.642601 0.012208 0.040331 0.998309 -0.040044
1317386485.210755 -17.307580 152.012114 -4.600990 0.011867 0.039591 0.998378 -0.039165
1317386485.314633 -18.341840 151.934167 -4.563448 0.011173 0.039312 0.998428 -0.038364
1317386485.418402 -19.385195 151.851556 -4.523745 0.011549 0.039863 0.998418 -0.037934
1317386485.522259 -20.441944 151.771208 -4.488473 0.010801 0.039681 0.998453 -0.037425
1317386485.626018 -21.497328 151.679174 -4.449806 0.009387 0.039952 0.998466 -0.037162
1317386485.729755 -22.552296 151.600220 -4.408228 0.008202 0.038927 0.998541 -0.036508
1317386485.833523 -23.602584 151.517416 -4.368059 0.008457 0.038437 0.998581 -0.035883
1317386485.937391 -24.644200 151.433807 -4.335396 0.009836 0.037917 0.998608 -0.035319
1317386486.041140 -25.682897 151.360051 -4.310433 0.010949 0.037205 0.998635 -0.034992
1317386486.144897 -26.728508 151.285847 -4.273840 0.010722 0.038051 0.998628 -0.034345
1317386486.248760 -27.794790 151.214348 -4.228925 0.010386 0.036599 0.998719 -0.033370
1317386486.352523 -28.848999 151.133958 -4.180638 0.009158 0.035774 0.998792 -0.032431
1317386486.456385 -29.883712 151.059374 -4.140900 0.009196 0.035092 0.998870 -0.030719
1317386486.560270 -30.932870 150.983665 -4.108713 0.009371 0.035483 0.998901 -0.029143
1317386486.664009 -31.955428 150.921045 -4.073710 0.009889 0.036200 0.998905 -0.027936
1317386486.767884 -32.988406 150.862458 -4.037230 0.009382 0.034588 0.999014 -0.026194
1317386486.871631 -34.021734 150.809817 -4.003036 0.008719 0.034623 0.999054 -0.024834
1317386486.975510 -35.044593 150.761232 -3.978026 0.007646 0.032320 0.999160 -0.024015
1317386487.079267 -36.065257 150.707733 -3.945637 0.007155 0.035306 0.999096 -0.022564
1317386487.183143 -37.091050 150.644865 -3.907213 0.007492 0.034573 0.999148 -0.021248
1317386487.286886 -38.088424 150.586850 -3.881294 0.008176 0.032691 0.999225 -0.020327
1317386487.390760 -39.085859 150.546016 -3.863880 0.008525 0.032352 0.999247 -0.019637
1317386487.494508 -40.086769 150.508377 -3.832976 0.007924 0.032796 0.999250 -0.018975
1317386487.598384 -41.086900 150.469417 -3.793028 0.007984 0.031235 0.999302 -0.018847
1317386487.702253 -42.084350 150.428106 -3.759266 0.009394 0.032321 0.999263 -0.018433
1317386487.806134 -43.106334 150.381397 -3.732142 0.011813 0.031966 0.999253 -0.018221
1317386487.910063 -44.113030 150.332219 -3.698618 0.012497 0.032934 0.999213 -0.018222
1317386488.013758 -45.105304 150.288577 -3.660254 0.011972 0.031161 0.999274 -0.018374
1317386488.117636 -46.089649 150.254247 -3.619753 0.011406 0.032353 0.999230 -0.019041
1317386488.221509 -47.064628 150.222075 -3.575443 0.010442 0.032719 0.999220 -0.019475
1317386488.325258 -48.053960 150.185404 -3.535623 0.010354 0.034444 0.999151 -0.020107
1317386488.429131 -49.016841 150.141293 -3.500906 0.009487 0.035641 0.999108 -0.020553
1317386488.533006 -49.992113 150.088693 -3.465529 0.009329 0.035991 0.999089 -0.020970
1317386488.636883 -50.971615 150.042382 -3.429128 0.009387 0.035140 0.999110 -0.021365
1317386488.740759 -51.936350 149.989923 -3.389759 0.009829 0.039277 0.998928 -0.022433
1317386488.844518 -52.904013 149.939369 -3.363924 0.010912 0.039536 0.998877 -0.023719
1317386488.948382 -53.863005 149.888457 -3.333128 0.011136 0.039858 0.998826 -0.025191
1317386489.052131 -54.824617 149.837802 -3.297302 0.011465 0.038198 0.998857 -0.026352
1317386489.156018 -55.780314 149.778422 -3.256078 0.011913 0.039879 0.998753 -0.027584
1317386489.259886 -56.713888 149.721890 -3.216065 0.012007 0.037750 0.998821 -0.028048
1317386489.363894 -57.653927 149.666207 -3.180552 0.011019 0.037021 0.998853 -0.028291
1317386489.467756 -58.578866 149.609297 -3.148487 0.010046 0.035667 0.998920 -0.028029
1317386489.571786 -59.483944 149.559176 -3.110256 0.009149 0.034945 0.998965 -0.027638
1317386489.675769 -60.373394 149.503076 -3.069716 0.008836 0.035304 0.998974 -0.026940
1317386489.779758 -61.272288 149.448537 -3.040848 0.009020 0.034166 0.999034 -0.026133
1317386489.883757 -62.144373 149.397194 -3.011521 0.008626 0.034743 0.999063 -0.024329
1317386489.987756 -63.005159 149.349566 -2.980659 0.008554 0.034406 0.999140 -0.021501
1317386490.091765 -63.851931 149.312880 -2.954938 0.008543 0.035287 0.999176 -0.018116
1317386490.195894 -64.657221 149.281070 -2.927058 0.008075 0.036074 0.999218 -0.014035
1317386490.299891 -65.448162 149.255961 -2.890574 0.007187 0.036752 0.999248 -0.010064
1317386490.403896 -66.216549 149.240057 -2.855509 0.006805 0.039302 0.999187 -0.005883
1317386490.507881 -66.947474 149.235074 -2.830969 0.006462 0.041135 0.999130 -0.002227
1317386490.611770 -67.650964 149.238217 -2.810394 0.005807 0.041424 0.999123 0.001855
1317386490.715769 -68.336631 149.240460 -2.792806 0.005655 0.042372 0.999073 0.005069
1317386490.819778 -69.005133 149.249391 -2.770160 0.005868 0.044127 0.998975 0.008148
1317386490.923760 -69.654347 149.257733 -2.749420 0.006014 0.044402 0.998935 0.010965
1317386491.027761 -70.270937 149.270775 -2.728458 0.006013 0.044228 0.998910 0.013674
1317386491.131635 -70.882475 149.288926 -2.711113 0.006354 0.045702 0.998800 0.016435
1317386491.235643 -71.454897 149.310263 -2.695894 0.005821 0.045188 0.998789 0.018544
1317386491.339644 -71.978032 149.328424 -2.675061 0.004456 0.046150 0.998710 0.020712
1317386491.443644 -72.474082 149.344965 -2.654437 0.003739 0.046373 0.998661 0.022623
1317386491.547519 -72.941352 149.370779 -2.639062 0.003424 0.047046 0.998592 0.024271
1317386491.651519 -73.377592 149.393609 -2.625199 0.002777 0.047279 0.998551 0.025556
1317386491.755512 -73.769314 149.413494 -2.616549 0.002544 0.048998 0.998446 0.026410
1317386491.859397 -74.113113 149.435492 -2.615135 0.002236 0.049641 0.998399 0.027033
1317386491.963384 -74.427049 149.442613 -2.609790 0.001541 0.049485 0.998408 0.027042
1317386492.067264 -74.720444 149.449193 -2.601778 0.001147 0.049244 0.998421 0.026990
1317386492.171143 -74.984760 149.457323 -2.589902 0.001355 0.048288 0.998486 0.026297
1317386492.275147 -75.230585 149.469264 -2.586899 0.001802 0.047531 0.998545 0.025418
1317386492.379013 -75.450856 149.478698 -2.583065 0.002180 0.046491 0.998619 0.024370
1317386492.482887 -75.650200 149.495691 -2.577669 0.002729 0.045887 0.998673 0.023207
1317386492.586892 -75.858745 149.509352 -2.577074 0.003994 0.046162 0.998686 0.021896
1317386492.690896 -76.050617 149.522474 -2.578484 0.005194 0.046596 0.998691 0.020451
1317386492.794899 -76.251401 149.531382 -2.577167 0.005562 0.046663 0.998708 0.019319
1317386492.898774 -76.435825 149.534649 -2.571016 0.004504 0.046534 0.998743 0.018053
1317386493.002770 -76.588920 149.536414 -2.563556 0.004106 0.045322 0.998822 0.016835
1317386493.106638 -76.738368 149.537942 -2.560965 0.004580 0.044399 0.998884 0.015434
1317386493.210634 -76.884767 149.534677 -2.555736 0.005126 0.044721 0.998894 0.013566
1317386493.314511 -77.011831 149.542338 -2.554839 0.005632 0.045222 0.998896 0.011392
1317386493.418512 -77.146054 149.548536 -2.556020 0.005703 0.045639 0.998905 0.008537
1317386493.522428 -77.261193 149.547120 -2.555209 0.005626 0.045018 0.998956 0.005345
1317386493.626262 -77.369548 149.545133 -2.554806 0.005712 0.044007 0.999014 0.001520
1317386493.730263 -77.482096 149.549289 -2.550578 0.005904 0.042754 0.999065 -0.002628
1317386493.834260 -77.585363 149.549256 -2.543655 0.005580 0.041626 0.999099 -0.006124
1317386493.938136 -77.669281 149.545568 -2.541976 0.005200 0.041152 0.999095 -0.009421
1317386494.042262 -77.731412 149.548165 -2.540774 0.005270 0.040717 0.999086 -0.011868
1317386494.146277 -77.772663 149.546035 -2.540828 0.005789 0.040932 0.999051 -0.013718
1317386494.250289 -77.798686 149.544973 -2.544796 0.005948 0.040761 0.999030 -0.015543
1317386494.354400 -77.827562 149.542706 -2.541551 0.005996 0.040809 0.999012 -0.016562
1317386494.458396 -77.848038 149.546052 -2.545763 0.006309 0.040654 0.999000 -0.017495
1317386494.562415 -77.853987 149.545356 -2.546099 0.006202 0.040193 0.999012 -0.017927
1317386494.666514 -77.854358 149.542929 -2.545212 0.006103 0.040125 0.999017 -0.017829
1317386494.770517 -77.850464 149.541684 -2.544190 0.006534 0.040549 0.999000 -0.017666
1317386494.874514 -77.850304 149.545371 -2.540438 0.007135 0.041051 0.998970 -0.017941
1317386494.978635 -77.856154 149.546066 -2.538452 0.007319 0.040892 0.998979 -0.017753
1317386495.082644 -77.854008 149.544704 -2.537373 0.007106 0.040532 0.998997 -0.017674
1317386495.186648 -77.850781 149.546743 -2.536720 0.007195 0.040711 0.998985 -0.017881
1317386495.290640 -77.853325 149.548188 -2.537233 0.007177 0.040681 0.998989 -0.017721
1317386495.394796 -77.855111 149.547287 -2.538470 0.007117 0.040625 0.998989 -0.017865
1317386495.498774 -77.859139 149.547122 -2.537932 0.006899 0.040789 0.998983 -0.017910
1317386495.602776 -77.858310 149.545115 -2.537490 0.007128 0.040811 0.998980 -0.017940
1317386495.706764 -77.856034 149.545930 -2.539729 0.007106 0.040646 0.998987 -0.017953
1317386495.810760 -77.858144 149.549000 -2.538939 0.007130 0.040777 0.998983 -0.017893
1317386495.914761 -77.857756 149.551787 -2.538173 0.007159 0.040782 0.998981 -0.017979
1317386496.018772 -77.854539 149.550871 -2.538984 0.007079 0.040730 0.998982 -0.018077
1317386496.122797 -77.851370 149.547171 -2.540189 0.007117 0.040829 0.998975 -0.018180
1317386496.226899 -77.851514 149.546817 -2.540887 0.007158 0.040639 0.998982 -0.018212
1317386496.330884 -77.850120 149.549193 -2.542428 0.007089 0.040633 0.998984 -0.018137
1317386496.434909 -77.849417 149.550267 -2.544779 0.007220 0.040709 0.998978 -0.018245
1317386496.538886 -77.852483 149.547702 -2.545289 0.007109 0.040767 0.998973 -0.018436
1317386496.643023 -77.850792 149.546052 -2.540935 0.007112 0.040888 0.998967 -0.018514
1317386496.747024 -77.847341 149.551245 -2.536039 0.007286 0.041123 0.998952 -0.018712
1317386496.851024 -77.848407 149.550714 -2.534181 0.007269 0.041215 0.998945 -0.018929
1317386496.955146 -77.848398 149.550321 -2.534455 0.007312 0.041275 0.998938 -0.019146
1317386497.059140 -77.849042 149.549161 -2.537139 0.007281 0.041353 0.998930 -0.019401
1317386497.163139 -77.851243 149.549398 -2.539158 0.007278 0.041417 0.998927 -0.019408
1317386497.267266 -77.847945 149.550562 -2.537096 0.007237 0.041545 0.998924 -0.019299
1317386497.371288 -77.850055 149.551462 -2.536473 0.007198 0.041415 0.998927 -0.019440
1317386497.475274 -77.850478 149.551579 -2.535376 0.007206 0.041486 0.998921 -0.019584
1317386497.579394 -77.849446 149.552310 -2.536665 0.007337 0.041576 0.998915 -0.019637
1317386497.683427 -77.848498 149.551491 -2.538570 0.007297 0.041576 0.998914 -0.019708
1317386497.787393 -77.852160 149.550805 -2.537685 0.007202 0.041596 0.998914 -0.019742
1317386497.891403 -77.852810 149.552082 -2.536801 0.007252 0.041639 0.998909 -0.019838
1317386497.995526 -77.848441 149.553180 -2.538528 0.007175 0.041487 0.998916 -0.019859
1317386498.099517 -77.844796 149.554758 -2.538044 0.007233 0.041354 0.998921 -0.019867
1317386498.203525 -77.846008 149.555883 -2.535669 0.007241 0.041612 0.998908 -0.019959
1317386498.307517 -77.849379 149.550185 -2.533799 0.007247 0.041596 0.998907 -0.020068
1317386498.411534 -77.848695 149.547877 -2.537622 0.007176 0.041915 0.998893 -0.020117
1317386498.515525 -77.849275 149.550213 -2.538564 0.007196 0.041732 0.998898 -0.020256
1317386498.619639 -77.848674 149.549939 -2.538172 0.007169 0.041849 0.998894 -0.020178
1317386498.723645 -77.848999 149.553509 -2.538866 0.007268 0.041873 0.998890 -0.020298
1317386498.827659 -77.850589 149.553167 -2.538087 0.007209 0.041778 0.998894 -0.020309
1317386498.931650 -77.850433 149.550186 -2.535803 0.007194 0.041758 0.998897 -0.020254
1317386499.035771 -77.850420 149.548161 -2.535103 0.007235 0.041776 0.998894 -0.020318
1317386499.139772 -77.847787 149.550512 -2.536657 0.007185 0.041765 0.998896 -0.020292
1317386499.243889 -77.846263 149.549896 -2.538528 0.007207 0.041851 0.998893 -0.020235
1317386499.347885 -77.845644 149.552296 -2.538261 0.007143 0.041933 0.998889 -0.020277
1317386499.451899 -77.849634 149.552513 -2.539106 0.007248 0.041925 0.998888 -0.020311
1317386499.555898 -77.852408 149.550620 -2.538079 0.007142 0.041852 0.998892 -0.020316
1317386499.660015 -77.850862 149.551138 -2.537156 0.007198 0.041807 0.998895 -0.020250
1317386499.764027 -77.848962 149.550161 -2.536165 0.007265 0.041841 0.998892 -0.020289
1317386499.868025 -77.847250 149.551735 -2.534667 0.007191 0.041768 0.998897 -0.020232
1317386499.972137 -77.850986 149.550335 -2.535035 0.007177 0.041776 0.998895 -0.020310
1317386500.076156 -77.848156 149.548975 -2.537320 0.007145 0.041889 0.998888 -0.020443
1317386500.180143 -77.843468 149.546682 -2.539424 0.007381 0.041672 0.998869 -0.021673
1317386500.284145 -77.855671 149.546030 -2.539630 0.007573 0.041442 0.998853 -0.022738
1317386500.388149 -77.869088 149.544717 -2.538021 0.007601 0.041035 0.998840 -0.024018
1317386500.492153 -77.879323 149.541561 -2.537215 0.007811 0.041058 0.998773 -0.026549
1317386500.596146 -77.898673 149.538149 -2.538165 0.007670 0.041175 0.998686 -0.029540
1317386500.700140 -77.924244 149.536609 -2.541330 0.007861 0.040764 0.998607 -0.032575
1317386500.804152 -77.951195 149.534452 -2.537557 0.007910 0.040434 0.998489 -0.036363
1317386500.908026 -77.981800 149.537485 -2.534172 0.008044 0.040362 0.998314 -0.040922
1317386501.012023 -78.015664 149.531726 -2.533044 0.008171 0.040034 0.998111 -0.045874
1317386501.115914 -78.052097 149.520892 -2.531205 0.008138 0.039810 0.997871 -0.051008
1317386501.219899 -78.092345 149.512084 -2.529571 0.008273 0.039769 0.997545 -0.057039
1317386501.323769 -78.133644 149.504772 -2.528663 0.008557 0.039592 0.997161 -0.063483
1317386501.427646 -78.186859 149.495735 -2.525587 0.008845 0.039354 0.996683 -0.070687
1317386501.531644 -78.245252 149.486452 -2.526392 0.010112 0.039007 0.996080 -0.078740
1317386501.635409 -78.319202 149.480245 -2.528158 0.011246 0.038195 0.995384 -0.087321
1317386501.739269 -78.417326 149.461900 -2.531014 0.012292 0.037088 0.994584 -0.096311
1317386501.843188 -78.535452 149.437819 -2.528598 0.012424 0.036360 0.993672 -0.105540
1317386501.947017 -78.667799 149.414103 -2.519446 0.011756 0.036725 0.992602 -0.115130
1317386502.050769 -78.802751 149.382063 -2.511563 0.011253 0.037310 0.991329 -0.125492
1317386502.154643 -78.943247 149.338895 -2.509283 0.010621 0.036811 0.989839 -0.136935
1317386502.258396 -79.107587 149.294218 -2.505452 0.009782 0.035376 0.988180 -0.148839
1317386502.362151 -79.278011 149.247735 -2.495658 0.008816 0.034753 0.986245 -0.161354
1317386502.466018 -79.457674 149.196567 -2.485221 0.008385 0.035491 0.984037 -0.174190
1317386502.569767 -79.642375 149.127071 -2.475117 0.007764 0.035655 0.981471 -0.188104
1317386502.673395 -79.829181 149.054640 -2.463397 0.006251 0.035911 0.978456 -0.203213
1317386502.777146 -80.022704 148.960577 -2.450010 0.005368 0.035865 0.974866 -0.219820
1317386502.880779 -80.223013 148.844053 -2.436744 0.005695 0.035790 0.970605 -0.237935
1317386502.984538 -80.431634 148.722002 -2.427770 0.006885 0.035048 0.965446 -0.258144
1317386503.088147 -80.661653 148.586911 -2.419211 0.008499 0.032984 0.959454 -0.279801
1317386503.191766 -80.925680 148.423029 -2.402864 0.010154 0.031815 0.952454 -0.302846
1317386503.295402 -81.209339 148.227502 -2.380623 0.011075 0.032780 0.943996 -0.328139
1317386503.399030 -81.492156 147.989927 -2.375078 0.012487 0.034941 0.934285 -0.354591
1317386503.502771 -81.783853 147.713522 -2.370556 0.014209 0.035391 0.924236 -0.379912
1317386503.606527 -82.078577 147.403925 -2.356957 0.015335 0.034424 0.913829 -0.404347
1317386503.710270 -82.382265 147.077260 -2.326530 0.015576 0.033639 0.902494 -0.429103
1317386503.814184 -82.677000 146.728461 -2.298909 0.014725 0.033478 0.890369 -0.453767
1317386503.917895 -82.950488 146.339749 -2.272294 0.013474 0.031681 0.877605 -0.478146
1317386504.021770 -83.214754 145.894064 -2.244019 -0.011457 -0.030033 -0.864836 0.501024
1317386504.125653 -83.457740 145.418176 -2.206317 -0.008430 -0.029826 -0.850912 0.524392
1317386504.229406 -83.716833 144.904699 -2.174682 -0.005786 -0.029911 -0.835766 0.548240
1317386504.333279 -83.970086 144.354143 -2.146592 -0.003805 -0.028708 -0.820286 0.571219
1317386504.437142 -84.200043 143.768231 -2.112837 -0.002392 -0.027454 -0.804649 0.593111
1317386504.541146 -84.377885 143.174129 -2.081983 -0.001418 -0.026763 -0.789387 0.613310
1317386504.645145 -84.535796 142.539861 -2.049455 -0.001136 -0.027884 -0.774533 0.631917
1317386504.749274 -84.681169 141.885263 -2.028933 -0.001946 -0.028585 -0.761673 0.647327
1317386504.853403 -84.797791 141.203579 -2.010586 -0.003420 -0.027705 -0.750626 0.660138
1317386504.957641 -84.890819 140.499923 -1.984673 -0.004956 -0.027429 -0.742255 0.669538
1317386505.062030 -84.971103 139.795829 -1.954255 -0.006632 -0.027748 -0.735931 0.676456
1317386505.166399 -85.026348 139.055192 -1.922932 -0.006553 -0.028195 -0.730668 0.682119
1317386505.270775 -85.076332 138.272538 -1.883626 -0.006542 -0.028513 -0.725890 0.687188
1317386505.375149 -85.116750 137.449309 -1.836694 -0.006931 -0.029515 -0.721180 0.692084
1317386505.479397 -85.144345 136.600199 -1.789600 -0.007357 -0.031546 -0.716459 0.696877
1317386505.583770 -85.171463 135.704468 -1.750820 -0.008924 -0.032497 -0.711147 0.702236
1317386505.688020 -85.179553 134.809116 -1.713638 -0.010422 -0.031984 -0.706602 0.706812
1317386505.792269 -85.174439 133.922687 -1.660665 -0.012033 -0.029520 -0.703194 0.710283
1317386505.896643 -85.162989 132.996483 -1.593193 -0.014059 -0.026600 -0.701382 0.712150
1317386506.000894 -85.154030 132.031978 -1.530549 -0.016250 -0.025269 -0.700554 0.712967
1317386506.105269 -85.137105 131.059394 -1.476614 -0.016201 -0.024836 -0.700589 0.712949
1317386506.209524 -85.110837 130.061356 -1.423556 -0.015230 -0.024615 -0.700320 0.713242
1317386506.313645 -85.082148 129.047154 -1.367514 -0.014621 -0.024760 -0.699438 0.714114
1317386506.417773 -85.053362 128.009568 -1.309649 -0.014148 -0.024969 -0.697950 0.715571
1317386506.521894 -85.021873 126.952654 -1.248596 -0.014378 -0.025183 -0.696218 0.717245
1317386506.626019 -84.980169 125.873741 -1.181054 -0.014150 -0.025225 -0.694515 0.718897
1317386506.730133 -84.934371 124.787521 -1.116338 -0.014504 -0.024831 -0.693053 0.720312
1317386506.834150 -84.892558 123.693954 -1.051938 -0.014147 -0.023844 -0.691134 0.722195
1317386506.938271 -84.844674 122.588071 -0.989179 -0.012831 -0.022559 -0.689608 0.723718
1317386507.042273 -84.786534 121.442996 -0.919142 -0.010910 -0.021653 -0.687859 0.725440
1317386507.146270 -84.721786 120.302076 -0.852062 -0.010656 -0.021877 -0.686910 0.726335
1317386507.250396 -84.645592 119.134211 -0.799886 -0.011263 -0.022936 -0.687326 0.725899
1317386507.354520 -84.571688 117.948782 -0.742761 -0.012252 -0.022609 -0.687716 0.725524
1317386507.458520 -84.503433 116.741275 -0.676729 -0.012231 -0.021653 -0.688202 0.725093
1317386507.562520 -84.437071 115.542994 -0.604528 -0.010757 -0.020890 -0.688536 0.724821
1317386507.666518 -84.375204 114.358157 -0.533252 -0.009020 -0.021076 -0.688747 0.724639
1317386507.770520 -84.311028 113.171342 -0.466019 -0.008471 -0.021181 -0.688960 0.724440
1317386507.874520 -84.250864 111.980819 -0.400978 -0.007873 -0.021328 -0.689221 0.724194
1317386507.978520 -84.192322 110.799787 -0.337140 -0.008267 -0.021817 -0.689631 0.723785
1317386508.082521 -84.125464 109.610197 -0.273321 -0.009037 -0.022726 -0.689867 0.723523
1317386508.186520 -84.059706 108.427579 -0.211274 -0.009054 -0.023405 -0.689917 0.723453
1317386508.290396 -83.997616 107.217654 -0.142054 -0.010080 -0.020946 -0.690231 0.723216
1317386508.394398 -83.934734 106.025572 -0.062562 -0.008934 -0.019896 -0.690493 0.723010
1317386508.498402 -83.875508 104.846650 0.006911 -0.009236 -0.020217 -0.690816 0.722689
1317386508.602404 -83.819570 103.676891 0.062983 -0.009050 -0.022261 -0.690952 0.722501
1317386508.706274 -83.763007 102.513193 0.120533 -0.008615 -0.023605 -0.690878 0.722535
1317386508.810272 -83.698177 101.335734 0.187632 -0.009414 -0.021926 -0.691060 0.722403
1317386508.914273 -83.637864 100.149179 0.253551 -0.009527 -0.019294 -0.691227 0.722318
1317386509.018271 -83.582629 98.962878 0.331766 -0.008211 -0.017611 -0.691449 0.722164
1317386509.122272 -83.527194 97.806424 0.389555 -0.008757 -0.017900 -0.691859 0.721758
1317386509.226146 -83.468525 96.662764 0.443257 -0.008980 -0.018397 -0.691839 0.721762
1317386509.330032 -83.409227 95.509352 0.494987 -0.009837 -0.019050 -0.691941 0.721635
1317386509.434032 -83.355330 94.344699 0.558905 -0.010030 -0.017822 -0.691905 0.721699
1317386509.537896 -83.307632 93.209387 0.628057 -0.009967 -0.016348 -0.692221 0.721432
1317386509.641773 -83.257816 92.069659 0.690872 -0.008575 -0.017711 -0.692132 0.721503
1317386509.745661 -83.206318 90.918907 0.750505 -0.008456 -0.018839 -0.692172 0.721437
1317386509.849525 -83.154745 89.780629 0.799515 -0.008144 -0.021020 -0.692026 0.721520
1317386509.953407 -83.099932 88.646652 0.859204 -0.007372 -0.021201 -0.691378 0.722145
1317386510.057276 -83.048871 87.532754 0.922394 -0.006695 -0.020940 -0.690405 0.723089
1317386510.161034 -82.994581 86.381842 0.990936 -0.005913 -0.020440 -0.689087 0.724367
1317386510.264906 -82.929342 85.242104 1.054101 -0.005589 -0.019941 -0.688064 0.725355
1317386510.368647 -82.859964 84.110998 1.109622 -0.006595 -0.019481 -0.687167 0.726208
1317386510.472432 -82.786180 82.982117 1.162352 -0.007801 -0.019815 -0.685967 0.727321
1317386510.576274 -82.721844 81.880902 1.216156 -0.008562 -0.019490 -0.685165 0.728077
1317386510.680022 -82.656037 80.781075 1.276938 -0.007785 -0.018785 -0.684328 0.728891
1317386510.783784 -82.584436 79.685088 1.339542 -0.007851 -0.017926 -0.683710 0.729491
1317386510.887546 -82.503605 78.573656 1.392069 -0.007755 -0.017539 -0.683185 0.729993
1317386510.991400 -82.415944 77.445600 1.447232 -0.006688 -0.017511 -0.682686 0.730471
1317386511.095151 -82.327727 76.330352 1.503789 -0.007005 -0.016608 -0.682305 0.730845
1317386511.199023 -82.244164 75.226843 1.561483 -0.007434 -0.015997 -0.682364 0.730800
1317386511.302815 -82.169592 74.134347 1.614775 -0.008370 -0.015145 -0.682627 0.730562
1317386511.406660 -82.091055 73.036612 1.661933 -0.008548 -0.015435 -0.683171 0.730045
1317386511.510530 -82.017048 71.955519 1.711600 -0.008269 -0.015696 -0.683794 0.729459
1317386511.614398 -81.948981 70.874527 1.767416 -0.007586 -0.016338 -0.684709 0.728594
1317386511.718273 -81.880211 69.792575 1.820162 -0.006487 -0.018569 -0.685414 0.727888
1317386511.822153 -81.815687 68.715627 1.871728 -0.006234 -0.019836 -0.686190 0.727125
1317386511.926027 -81.743074 67.626490 1.923322 -0.005505 -0.020519 -0.687108 0.726245
1317386512.029905 -81.678008 66.532003 1.981912 -0.004786 -0.019353 -0.687903 0.725529
1317386512.133777 -81.614866 65.460538 2.039638 -0.004895 -0.017632 -0.688946 0.724582
1317386512.237642 -81.554459 64.393597 2.092114 -0.005122 -0.017117 -0.689864 0.723718
1317386512.341537 -81.496041 63.320612 2.135075 -0.005006 -0.018122 -0.690597 0.722996
1317386512.445412 -81.433910 62.224120 2.180049 -0.005542 -0.019092 -0.691281 0.722312
1317386512.549287 -81.380876 61.133959 2.229212 -0.006401 -0.020538 -0.691772 0.721796
1317386512.653158 -81.335203 60.055613 2.286885 -0.007173 -0.021297 -0.692197 0.721358
1317386512.756909 -81.289268 58.986357 2.342527 -0.007592 -0.021433 -0.692593 0.720970
1317386512.860835 -81.239783 57.923877 2.397942 -0.007505 -0.020363 -0.692938 0.720671
1317386512.964652 -81.194352 56.856129 2.457168 -0.007001 -0.018603 -0.692873 0.720786
1317386513.068540 -81.149473 55.778404 2.512559 -0.006647 -0.017181 -0.692719 0.720972
1317386513.172276 -81.097300 54.717814 2.567349 -0.007611 -0.015139 -0.692554 0.721167
1317386513.276027 -81.046797 53.668532 2.618351 -0.008647 -0.013859 -0.692290 0.721434
1317386513.379902 -80.994048 52.613528 2.662791 -0.010597 -0.012596 -0.692289 0.721433
1317386513.483660 -80.940458 51.569533 2.706592 -0.011805 -0.011470 -0.692213 0.721506
1317386513.587398 -80.884142 50.514326 2.748020 -0.011916 -0.012338 -0.692051 0.721645
1317386513.691279 -80.836377 49.438431 2.798605 -0.013448 -0.011979 -0.691849 0.721818
1317386513.795028 -80.784631 48.350781 2.855253 -0.014027 -0.012365 -0.691500 0.722134
1317386513.898901 -80.737020 47.285989 2.912558 -0.013356 -0.011185 -0.691321 0.722338
1317386514.002653 -80.684730 46.214361 2.963332 -0.010240 -0.009384 -0.691148 0.722580
1317386514.106534 -80.634378 45.161489 3.016833 -0.007921 -0.009559 -0.690860 0.722882
1317386514.210284 -80.582537 44.098321 3.053305 -0.007295 -0.013521 -0.690272 0.723386
1317386514.314163 -80.530489 43.070762 3.076404 -0.007662 -0.016409 -0.689775 0.723797
1317386514.418027 -80.476067 42.025407 3.115094 -0.008871 -0.016371 -0.689785 0.723775
1317386514.521926 -80.418110 40.962079 3.180043 -0.010277 -0.015021 -0.689622 0.723941
1317386514.625787 -80.358714 39.930554 3.246982 -0.010113 -0.015083 -0.689543 0.724017
1317386514.729650 -80.305794 38.884586 3.304207 -0.009748 -0.016567 -0.689456 0.724073
1317386514.833525 -80.254938 37.851958 3.346323 -0.009001 -0.019385 -0.689537 0.723935
1317386514.937406 -80.207953 36.797614 3.392535 -0.009075 -0.020269 -0.689640 0.723812
1317386515.041404 -80.155738 35.760591 3.449852 -0.008808 -0.019365 -0.689910 0.723583
1317386515.145289 -80.099272 34.729230 3.517525 -0.007354 -0.017770 -0.690242 0.723323
1317386515.249281 -80.047846 33.694423 3.581052 -0.006091 -0.016910 -0.690677 0.722940
1317386515.353159 -79.994735 32.676432 3.627164 -0.006147 -0.017366 -0.691030 0.722591
1317386515.457039 -79.940056 31.673526 3.663689 -0.007420 -0.017783 -0.691436 0.722181
1317386515.561035 -79.889910 30.657639 3.704798 -0.007739 -0.017328 -0.691871 0.721771
1317386515.664903 -79.840123 29.651668 3.758781 -0.007614 -0.015845 -0.692351 0.721346
1317386515.768780 -79.788282 28.634496 3.812782 -0.006738 -0.015473 -0.692763 0.720968
1317386515.872789 -79.742800 27.615144 3.861382 -0.006023 -0.015974 -0.692956 0.720778
1317386515.976780 -79.702672 26.605628 3.904398 -0.005931 -0.016258 -0.693254 0.720486
1317386516.080655 -79.659285 25.622238 3.946456 -0.005800 -0.016341 -0.693570 0.720180
1317386516.184670 -79.617144 24.637897 3.989781 -0.006071 -0.014939 -0.693763 0.720023
1317386516.288537 -79.576359 23.672806 4.037146 -0.006188 -0.013869 -0.694044 0.719772
1317386516.392537 -79.534140 22.732789 4.080940 -0.006413 -0.013434 -0.694411 0.719425
1317386516.496412 -79.494492 21.804409 4.123409 -0.006069 -0.013141 -0.694648 0.719204
1317386516.600415 -79.456700 20.887484 4.163031 -0.005833 -0.012036 -0.694778 0.719100
1317386516.704474 -79.421573 20.001922 4.204724 -0.005350 -0.012122 -0.694470 0.719400
1317386516.808288 -79.382728 19.134888 4.244021 -0.005522 -0.012331 -0.693606 0.720228
1317386516.912287 -79.342960 18.286347 4.275341 -0.005785 -0.013209 -0.692443 0.721328
1317386517.016163 -79.298791 17.478780 4.307654 -0.006243 -0.012307 -0.690959 0.722762
1317386517.120161 -79.259991 16.674379 4.347601 -0.007347 -0.011241 -0.689413 0.724244
1317386517.224051 -79.220718 15.895610 4.387276 -0.007908 -0.011461 -0.687657 0.725903
1317386517.328035 -79.170777 15.133044 4.419908 -0.008037 -0.012662 -0.685121 0.728275
1317386517.431907 -79.119906 14.390850 4.451859 -0.007797 -0.013790 -0.681852 0.731319
1317386517.535782 -79.059852 13.673954 4.484475 -0.007693 -0.015414 -0.677632 0.735200
1317386517.639537 -78.993241 12.986007 4.519608 -0.007887 -0.015214 -0.672998 0.739446
1317386517.743427 -78.925085 12.324758 4.556148 -0.008342 -0.014789 -0.668285 0.743712
1317386517.847290 -78.851480 11.681336 4.589921 -0.008407 -0.014345 -0.663281 0.748186
1317386517.951157 -78.774228 11.066246 4.623246 -0.007234 -0.013699 -0.657536 0.753264
1317386518.055043 -78.681739 10.476134 4.654516 -0.006892 -0.013098 -0.651022 0.758915
1317386518.158811 -78.578513 9.895494 4.681811 -0.008350 -0.012170 -0.643878 0.764986
1317386518.262664 -78.472848 9.338824 4.710369 -0.009885 -0.011077 -0.636110 0.771455
1317386518.366419 -78.358909 8.783817 4.741182 -0.010260 -0.010807 -0.627602 0.778392
1317386518.470160 -78.234776 8.242380 4.761842 -0.009789 -0.010289 -0.618725 0.785479
1317386518.573911 -78.092339 7.720824 4.784986 -0.010125 -0.009200 -0.609400 0.792745
1317386518.677653 -77.950270 7.222854 4.809178 -0.010935 -0.008483 -0.598765 0.800806
1317386518.781402 -77.795728 6.729722 4.825629 -0.011899 -0.008481 -0.586636 0.809719
1317386518.885041 -77.625918 6.256487 4.843693 -0.012521 -0.009747 -0.572655 0.819643
1317386518.988778 -77.449112 5.784772 4.863438 -0.012996 -0.010757 -0.556964 0.830365
1317386519.092413 -77.255443 5.338819 4.884785 -0.012193 -0.010777 -0.539359 0.841919
1317386519.195907 -77.046162 4.907527 4.903799 -0.009476 -0.010824 -0.518864 0.854736
1317386519.299529 -76.823900 4.469468 4.922496 -0.008828 -0.008517 -0.496284 0.868074
1317386519.403292 -76.562282 4.078284 4.947168 -0.011086 -0.005931 -0.474123 0.880369
1317386519.506922 -76.276935 3.687560 4.976516 -0.013260 -0.005191 -0.451534 0.892140
1317386519.610669 -75.988687 3.307516 4.992690 -0.013690 -0.006212 -0.426759 0.904241
1317386519.714408 -75.690446 2.950890 4.995333 -0.010832 -0.008327 -0.402903 0.915141
1317386519.818158 -75.383014 2.613449 4.990043 -0.011479 -0.006092 -0.378776 0.925397
1317386519.921908 -75.062311 2.305812 5.003260 -0.015449 -0.000877 -0.354655 0.934869
1317386520.025790 -74.695484 2.003299 5.032550 -0.018996 0.002705 -0.330632 0.943565
1317386520.129536 -74.317861 1.706046 5.052603 -0.018864 0.006050 -0.305324 0.952043
1317386520.233413 -73.947684 1.430756 5.056373 -0.016129 0.009230 -0.280445 0.959690
1317386520.337162 -73.554981 1.196190 5.050896 -0.014407 0.013337 -0.255972 0.966485
1317386520.441036 -73.146749 0.976963 5.041945 -0.018697 0.019470 -0.231191 0.972534
1317386520.544912 -72.719437 0.781378 5.068773 -0.022057 0.022696 -0.206917 0.977846
1317386520.648786 -72.280743 0.596190 5.071611 -0.022000 0.021223 -0.182270 0.982773
1317386520.752789 -71.827970 0.412584 5.047197 -0.020271 0.019380 -0.159200 0.986848
1317386520.856789 -71.369819 0.267992 5.018694 -0.019519 0.019636 -0.139481 0.989838
1317386520.960913 -70.911136 0.131457 4.995832 -0.021348 0.021003 -0.120805 0.992224
1317386521.064912 -70.445156 0.011624 4.981682 -0.024818 0.021188 -0.103700 0.994073
1317386521.169163 -69.963673 -0.100861 4.977872 -0.026148 0.021233 -0.088988 0.995463
1317386521.273410 -69.475189 -0.186403 4.968047 -0.025493 0.022357 -0.078207 0.996360
1317386521.377535 -68.982101 -0.255859 4.952678 -0.026067 0.023220 -0.068532 0.997038
1317386521.481783 -68.485593 -0.318716 4.929330 -0.024355 0.022942 -0.059130 0.997689
1317386521.586039 -67.958087 -0.380267 4.903473 -0.023092 0.022221 -0.051829 0.998142
1317386521.690287 -67.404912 -0.433877 4.876772 -0.023590 0.021642 -0.045210 0.998464
1317386521.794541 -66.832758 -0.494529 4.856062 -0.024049 0.021547 -0.038407 0.998740
1317386521.898661 -66.254858 -0.537665 4.836838 -0.024247 0.021506 -0.031132 0.998990
1317386522.002909 -65.662641 -0.573656 4.815983 -0.023509 0.021193 -0.024203 0.999206
1317386522.106899 -65.055977 -0.600281 4.795477 -0.022227 0.021788 -0.017166 0.999368
1317386522.211051 -64.431900 -0.610161 4.773879 -0.021471 0.021654 -0.010412 0.999481
1317386522.315279 -63.805453 -0.605678 4.752456 -0.022197 0.021427 -0.005978 0.999506
1317386522.419398 -63.136585 -0.604418 4.715392 -0.021965 0.021085 -0.001418 0.999535
1317386522.523529 -62.443077 -0.614501 4.686957 -0.022235 0.020549 0.002162 0.999539
1317386522.627779 -61.740524 -0.621849 4.664455 -0.022355 0.020183 0.003130 0.999541
1317386522.731910 -61.031059 -0.625444 4.639220 -0.022593 0.020298 0.004278 0.999530
1317386522.836035 -60.306972 -0.608411 4.612595 -0.022763 0.020683 0.005534 0.999512
1317386522.940288 -59.568094 -0.590457 4.592004 -0.023019 0.021518 0.007154 0.999478
1317386523.044416 -58.812224 -0.590796 4.572486 -0.022842 0.022681 0.008333 0.999447
1317386523.148419 -58.055269 -0.592690 4.548514 -0.022277 0.024031 0.009647 0.999416
1317386523.252539 -57.286405 -0.575154 4.518284 -0.022624 0.025369 0.010976 0.999362
1317386523.356660 -56.535879 -0.556777 4.487710 -0.021805 0.026378 0.012031 0.999342
1317386523.460661 -55.801707 -0.518557 4.457177 -0.020265 0.026975 0.013544 0.999339
1317386523.564662 -55.036466 -0.483063 4.426778 -0.018032 0.027139 0.015640 0.999347
1317386523.668784 -54.275303 -0.459514 4.395312 -0.018225 0.027134 0.017420 0.999314
1317386523.772790 -53.531974 -0.434416 4.359574 -0.017636 0.027072 0.018850 0.999300
1317386523.876663 -52.785845 -0.403648 4.326268 -0.017280 0.027102 0.019503 0.999293
1317386523.980660 -52.023254 -0.359728 4.297002 -0.017664 0.027427 0.020665 0.999254
1317386524.084662 -51.262504 -0.314797 4.264024 -0.017793 0.027374 0.021453 0.999237
1317386524.188662 -50.505298 -0.278996 4.229001 -0.018272 0.027424 0.021775 0.999220
1317386524.292662 -49.743151 -0.244727 4.190169 -0.018839 0.027432 0.021670 0.999211
1317386524.396662 -48.976066 -0.207780 4.153117 -0.017987 0.027733 0.022100 0.999209
1317386524.500659 -48.217326 -0.166550 4.120822 -0.018407 0.028211 0.021785 0.999195
1317386524.604539 -47.470932 -0.120283 4.094277 -0.018435 0.028840 0.021776 0.999177
1317386524.708538 -46.707520 -0.074390 4.064846 -0.018197 0.029313 0.021903 0.999165
1317386524.812413 -45.958979 -0.039599 4.029174 -0.017768 0.029728 0.021630 0.999166
1317386524.916411 -45.202434 -0.005254 3.984917 -0.018854 0.029759 0.021631 0.999145
1317386525.020412 -44.466249 0.025084 3.952962 -0.018433 0.029359 0.021305 0.999172
1317386525.124288 -43.747254 0.055635 3.919521 -0.018139 0.029371 0.020175 0.999200
1317386525.228287 -43.015176 0.085391 3.886722 -0.017912 0.029386 0.019235 0.999223
1317386525.332296 -42.299300 0.119150 3.858179 -0.018641 0.029334 0.018666 0.999221
1317386525.436285 -41.577549 0.152211 3.833519 -0.017880 0.029281 0.017840 0.999252
1317386525.540163 -40.880072 0.179011 3.802158 -0.016273 0.030621 0.017165 0.999251
1317386525.644163 -40.179102 0.207006 3.770363 -0.018963 0.031888 0.016670 0.999173
1317386525.748161 -39.496327 0.239861 3.744503 -0.019541 0.032139 0.015981 0.999165
1317386525.852038 -38.834569 0.267596 3.712294 -0.016837 0.031310 0.015643 0.999245
1317386525.956039 -38.158028 0.287704 3.671914 -0.015012 0.029789 0.015538 0.999323
1317386526.060038 -37.496489 0.304443 3.633523 -0.016220 0.028161 0.015103 0.999358
1317386526.164038 -36.823178 0.337758 3.601608 -0.018083 0.026972 0.015020 0.999360
1317386526.267914 -36.178012 0.366850 3.582194 -0.019753 0.026786 0.015061 0.999333
1317386526.371915 -35.540087 0.383767 3.562633 -0.019987 0.026740 0.014048 0.999344
1317386526.475913 -34.904790 0.413146 3.535600 -0.020136 0.026233 0.014163 0.999353
1317386526.579915 -34.269410 0.433594 3.508899 -0.020659 0.025599 0.014669 0.999351
1317386526.683788 -33.635306 0.456461 3.481290 -0.020671 0.025369 0.014431 0.999360
1317386526.787789 -33.010404 0.486568 3.458584 -0.021940 0.025121 0.014538 0.999338
1317386526.891798 -32.386885 0.503221 3.435925 -0.021528 0.025711 0.014651 0.999330
1317386526.995664 -31.767677 0.519417 3.416224 -0.021877 0.026111 0.015039 0.999306
1317386527.099664 -31.150696 0.538527 3.391706 -0.021900 0.026514 0.015379 0.999290
1317386527.203539 -30.548749 0.561836 3.368921 -0.020597 0.026432 0.015847 0.999313
1317386527.307538 -29.953546 0.584694 3.343254 -0.020693 0.025851 0.016823 0.999310
1317386527.411414 -29.353752 0.611594 3.313783 -0.020372 0.025392 0.017659 0.999314
1317386527.515413 -28.743890 0.640096 3.281127 -0.019898 0.025549 0.018153 0.999311
1317386527.619289 -28.128139 0.666326 3.260052 -0.021137 0.025547 0.019536 0.999259
1317386527.723288 -27.528439 0.686642 3.245466 -0.020650 0.025609 0.020110 0.999256
1317386527.827289 -26.955949 0.712104 3.221485 -0.020132 0.026053 0.021276 0.999231
1317386527.931170 -26.378696 0.745405 3.196498 -0.018607 0.026724 0.021861 0.999231
1317386528.035042 -25.792754 0.780535 3.170157 -0.018975 0.027334 0.023185 0.999177
1317386528.139038 -25.201347 0.806626 3.146548 -0.019059 0.027746 0.023430 0.999159
1317386528.242915 -24.611795 0.837958 3.122211 -0.020049 0.028544 0.024594 0.999089
1317386528.346913 -24.038999 0.864906 3.102772 -0.019482 0.029143 0.024867 0.999076
1317386528.450788 -23.479866 0.895734 3.075984 -0.018295 0.029608 0.025520 0.999068
1317386528.554791 -22.932229 0.923933 3.048969 -0.018868 0.029469 0.025518 0.999062
1317386528.658790 -22.394782 0.948826 3.020442 -0.020064 0.030099 0.025401 0.999023
1317386528.762789 -21.879654 0.981791 2.995390 -0.020825 0.029606 0.024832 0.999036
1317386528.866789 -21.358139 1.016921 2.974484 -0.020789 0.029587 0.024094 0.999056
1317386528.970665 -20.851833 1.043917 2.953068 -0.019824 0.029611 0.023468 0.999089
1317386529.074666 -20.352128 1.062943 2.929044 -0.020026 0.029695 0.022497 0.999105
1317386529.178664 -19.865985 1.088940 2.903903 -0.020023 0.029240 0.021955 0.999131
1317386529.282665 -19.389003 1.114566 2.884929 -0.020461 0.028939 0.021206 0.999147
1317386529.386664 -18.933161 1.143796 2.866432 -0.020610 0.029253 0.020795 0.999143
1317386529.490679 -18.472089 1.165406 2.845719 -0.021384 0.029348 0.020153 0.999137
1317386529.594669 -18.026389 1.183204 2.831107 -0.021163 0.029329 0.019443 0.999157
1317386529.698545 -17.620856 1.200741 2.818839 -0.021308 0.029491 0.019185 0.999154
1317386529.802555 -17.221005 1.215543 2.803555 -0.020687 0.030088 0.018573 0.999161
1317386529.906561 -16.848198 1.229249 2.782513 -0.021701 0.030901 0.018056 0.999124
1317386530.010540 -16.495538 1.238042 2.765059 -0.021518 0.031351 0.016972 0.999133
1317386530.114549 -16.150299 1.249099 2.752511 -0.021891 0.031291 0.016565 0.999133
1317386530.218534 -15.811797 1.272690 2.736088 -0.020606 0.030984 0.016553 0.999170
1317386530.322535 -15.519819 1.274682 2.713531 -0.020189 0.030879 0.015897 0.999193
1317386530.426547 -15.233971 1.286668 2.693486 -0.020543 0.030819 0.015920 0.999187
1317386530.530434 -14.955953 1.295721 2.682085 -0.020134 0.030595 0.015422 0.999210
1317386530.634427 -14.688651 1.305026 2.676999 -0.020431 0.030289 0.014946 0.999221
1317386530.738302 -14.430644 1.316051 2.665586 -0.019717 0.029648 0.014940 0.999254
1317386530.842296 -14.166223 1.315004 2.642818 -0.019369 0.028569 0.014195 0.999303
1317386530.946296 -13.902768 1.335997 2.626300 -0.018951 0.028148 0.014564 0.999318
1317386531.050286 -13.649086 1.354284 2.618145 -0.019910 0.028457 0.014440 0.999292
1317386531.154174 -13.397985 1.359453 2.614090 -0.019528 0.028698 0.014357 0.999294
1317386531.258168 -13.141516 1.361010 2.605332 -0.019127 0.029018 0.014333 0.999293
1317386531.362056 -12.890655 1.366958 2.592466 -0.018307 0.028892 0.014103 0.999315
1317386531.466072 -12.651562 1.377954 2.583935 -0.019183 0.029137 0.014269 0.999289
1317386531.570036 -12.392581 1.389374 2.570178 -0.018918 0.029248 0.014354 0.999290
1317386531.673922 -12.144837 1.387482 2.562802 -0.018307 0.029069 0.013935 0.999313
1317386531.777798 -11.911626 1.387429 2.550113 -0.017970 0.029455 0.015478 0.999285
1317386531.881792 -11.666523 1.392558 2.533045 -0.016868 0.029796 0.017508 0.999260
1317386531.985668 -11.424651 1.410585 2.522961 -0.017519 0.029640 0.021007 0.999186
1317386532.089548 -11.177769 1.437096 2.515303 -0.017530 0.029866 0.024859 0.999091
1317386532.193431 -10.943351 1.449348 2.505161 -0.017603 0.029854 0.028665 0.998988
1317386532.297293 -10.708245 1.449944 2.491994 -0.019450 0.030021 0.031705 0.998857
1317386532.401301 -10.468003 1.473253 2.474256 -0.019862 0.029975 0.034430 0.998760
1317386532.505173 -10.239669 1.490186 2.462664 -0.019668 0.029819 0.035879 0.998718
1317386532.609172 -10.005239 1.514916 2.456252 -0.018251 0.029752 0.038789 0.998638
1317386532.713211 -9.767724 1.538503 2.441217 -0.018527 0.030059 0.041048 0.998533
1317386532.817053 -9.527641 1.565108 2.424198 -0.019483 0.029843 0.042449 0.998463
1317386532.921046 -9.292431 1.587384 2.413088 -0.020529 0.029803 0.042721 0.998431
1317386533.025217 -9.068827 1.598078 2.405359 -0.021046 0.029554 0.042004 0.998458
1317386533.129169 -8.840738 1.610669 2.395441 -0.021230 0.029529 0.041101 0.998493
1317386533.233169 -8.612217 1.638099 2.384351 -0.020629 0.029654 0.040916 0.998509
1317386533.337294 -8.391371 1.669149 2.370954 -0.020323 0.029900 0.039548 0.998563
1317386533.441291 -8.168280 1.679405 2.360764 -0.020689 0.029923 0.037684 0.998627
1317386533.545294 -7.940021 1.699819 2.352192 -0.020261 0.029664 0.036962 0.998671
1317386533.649418 -7.723081 1.718460 2.341349 -0.020076 0.029263 0.035477 0.998740
1317386533.753417 -7.501361 1.741356 2.328800 -0.020706 0.029475 0.034093 0.998769
1317386533.857419 -7.279612 1.764847 2.318224 -0.019901 0.029517 0.032398 0.998841
1317386533.961416 -7.062222 1.779981 2.302779 -0.019807 0.029642 0.030316 0.998904
1317386534.065418 -6.834035 1.781004 2.291741 -0.019842 0.029302 0.027681 0.998990
1317386534.169293 -6.605680 1.793178 2.284440 -0.019426 0.028410 0.025654 0.999078
1317386534.273294 -6.352538 1.814351 2.271041 -0.019164 0.027609 0.023625 0.999156
1317386534.377295 -6.095642 1.822882 2.257452 -0.019198 0.027111 0.021033 0.999227
1317386534.481293 -5.832443 1.839581 2.245238 -0.019704 0.027397 0.018829 0.999253
1317386534.585294 -5.548642 1.861302 2.229740 -0.019671 0.027659 0.016648 0.999285
1317386534.689170 -5.257323 1.873258 2.217528 -0.018357 0.027716 0.013855 0.999351
1317386534.793169 -4.952316 1.874279 2.206809 -0.018172 0.028144 0.011029 0.999378
1317386534.897045 -4.639117 1.870879 2.193254 -0.017486 0.029191 0.008521 0.999385
1317386535.001043 -4.325230 1.877097 2.176507 -0.016966 0.029398 0.006288 0.999404
1317386535.105043 -4.008701 1.879945 2.157358 -0.017514 0.029859 0.003965 0.999393
1317386535.208932 -3.677590 1.892641 2.137781 -0.017831 0.030339 0.002018 0.999379
1317386535.312796 -3.334022 1.896070 2.122665 -0.018177 0.030745 -0.000145 0.999362
1317386535.416793 -2.971515 1.893625 2.106417 -0.017781 0.031018 -0.002099 0.999358
1317386535.520670 -2.616877 1.896054 2.092919 -0.015160 0.030532 -0.003363 0.999413
1317386535.624543 -2.266067 1.893707 2.071303 -0.014855 0.028986 -0.004103 0.999461
1317386535.728418 -1.891635 1.888017 2.049418 -0.014900 0.027919 -0.005015 0.999487
1317386535.832296 -1.493679 1.879251 2.025888 -0.018107 0.028012 -0.005736 0.999427
1317386535.936310 -1.082432 1.885151 2.000284 -0.020688 0.028612 -0.007933 0.999345
1317386536.040295 -0.671585 1.888500 1.982637 -0.021545 0.029288 -0.012209 0.999264
1317386536.144171 -0.279877 1.873380 1.971517 -0.017010 0.028607 -0.016836 0.999304
1317386536.248168 0.110197 1.835433 1.952972 -0.012351 0.027848 -0.019926 0.999337
1317386536.351921 0.513067 1.808968 1.928592 -0.010300 0.026103 -0.019407 0.999418
1317386536.455545 0.895767 1.805323 1.902135 -0.012159 0.025282 -0.013873 0.999510
1317386536.559170 1.252599 1.802018 1.867819 -0.017694 0.024459 -0.005260 0.999530
1317386536.662921 1.629333 1.809457 1.848825 -0.020573 0.023795 0.004529 0.999495
1317386536.766669 1.993435 1.806858 1.830816 -0.023473 0.023010 0.013703 0.999366
1317386536.870303 2.358320 1.799226 1.789674 -0.024950 0.024100 0.024739 0.999092
1317386536.974045 2.740722 1.809953 1.758669 -0.021581 0.026532 0.036670 0.998742
1317386537.077671 3.096012 1.842619 1.753191 -0.024782 0.030770 0.049868 0.997974
1317386537.181420 3.428713 1.893475 1.751880 -0.027391 0.033845 0.063028 0.997062
1317386537.285047 3.760657 1.954071 1.736411 -0.029318 0.034986 0.076294 0.996040
1317386537.388796 4.092312 2.011616 1.716501 -0.028738 0.036498 0.088624 0.994981
1317386537.492669 4.433275 2.071725 1.711110 -0.025321 0.037980 0.099778 0.993962
1317386537.596544 4.784047 2.148225 1.705683 -0.025502 0.039792 0.107248 0.993108
1317386537.700545 5.123004 2.238930 1.694231 -0.028780 0.041886 0.111508 0.992463
1317386537.804672 5.466856 2.316169 1.650647 -0.033957 0.044051 0.112935 0.992044
1317386537.908795 5.810440 2.374804 1.593697 -0.034821 0.044640 0.110537 0.992258
1317386538.013049 6.135358 2.424000 1.532329 -0.035805 0.045340 0.105626 0.992726
1317386538.117296 6.436313 2.487587 1.482004 -0.034187 0.046869 0.101083 0.993185
1317386538.221423 6.713414 2.546908 1.432408 -0.033098 0.048960 0.096649 0.993562
1317386538.325672 6.945565 2.585414 1.390654 -0.035848 0.050073 0.090496 0.993991
1317386538.429801 7.137708 2.630273 1.381034 -0.036107 0.050677 0.086109 0.994341
1317386538.533798 7.289475 2.651168 1.377442 -0.037677 0.050483 0.080898 0.994730
1317386538.637924 7.421928 2.669290 1.387330 -0.035168 0.048520 0.076753 0.995248
1317386538.742045 7.531474 2.680539 1.381192 -0.034488 0.048138 0.073762 0.995516
1317386538.846049 7.595304 2.692322 1.364452 -0.034405 0.047665 0.071987 0.995672
1317386538.950046 7.624353 2.700576 1.334722 -0.035529 0.048243 0.070827 0.995688
1317386539.054046 7.629339 2.701735 1.326295 -0.034940 0.047737 0.071051 0.995717
1317386539.158046 7.612355 2.692245 1.338030 -0.035698 0.047432 0.071396 0.995680
1317386539.262047 7.611520 2.686089 1.362082 -0.034951 0.045065 0.071078 0.995839
1317386539.366046 7.620830 2.691956 1.375938 -0.035169 0.042589 0.071077 0.995940
1317386539.469922 7.620447 2.702493 1.361495 -0.034984 0.042473 0.071737 0.995905
1317386539.573924 7.615827 2.701878 1.335679 -0.034630 0.043796 0.071539 0.995874
1317386539.677923 7.626861 2.694133 1.336826 -0.034431 0.043680 0.071330 0.995901
1317386539.781922 7.635898 2.692663 1.355885 -0.034905 0.043925 0.071478 0.995863
1317386539.885921 7.634047 2.694115 1.365256 -0.035180 0.044328 0.071210 0.995855
