1317383440.868350 0.004946 -0.002179 0.000448 0.000032 0.000163 -0.000147 1.000000
1317383440.972599 0.128913 -0.003116 0.003208 0.000807 0.000714 -0.003495 0.999993
1317383441.076726 0.141482 -0.035355 0.001392 0.002020 0.003514 -0.002322 0.999989
1317383441.180851 -0.272532 -0.126505 0.005069 0.001564 0.002942 0.000821 0.999994
1317383441.285100 0.177801 -0.422678 0.010697 -0.000669 0.001111 -0.002478 0.999996
1317383441.389227 0.484929 -0.498569 -0.000794 -0.001513 0.000713 -0.004083 0.999990
1317383441.493483 0.794927 -0.557533 0.010451 -0.003464 0.000720 -0.004279 0.999985
1317383441.597600 1.262863 -0.551966 0.026190 -0.003991 0.001302 -0.000895 0.999991
1317383441.701850 1.665055 -0.618199 0.042913 -0.003468 0.002536 0.003472 0.999985
1317383441.805976 2.171188 -0.699070 0.051588 -0.001777 0.003204 -0.000031 0.999993
1317383441.910225 2.649200 -0.761526 0.040910 -0.000235 0.002623 -0.002974 0.999992
1317383442.014351 3.146100 -0.878664 0.028514 0.000765 0.001198 -0.002041 0.999997
1317383442.118600 3.736590 -0.900942 0.039355 -0.000670 0.000435 -0.002459 0.999997
1317383442.222727 4.384591 -0.869469 0.071406 -0.004634 0.001573 -0.002102 0.999986
1317383442.326977 5.065480 -0.814724 0.082125 -0.005113 0.003762 -0.003386 0.999974
1317383442.431103 5.811012 -0.824409 0.094300 -0.004840 0.004611 -0.004337 0.999968
1317383442.535351 6.670310 -0.843502 0.090138 -0.002391 0.003980 -0.002684 0.999986
1317383442.639478 7.645220 -0.912772 0.080583 -0.002249 0.003001 -0.003602 0.999986
1317383442.743726 8.759611 -1.015317 0.079334 -0.001621 0.001526 -0.003478 0.999991
1317383442.847853 9.787130 -1.042191 0.081569 -0.004380 0.001539 -0.003154 0.999984
1317383442.951978 10.790006 -1.076778 0.093193 -0.005338 0.000558 -0.001472 0.999985
1317383443.056227 11.792313 -1.080127 0.099720 -0.006198 0.000648 -0.000524 0.999980
1317383443.160352 12.822655 -1.069259 0.111327 -0.006208 0.001641 -0.001797 0.999978
1317383443.264477 13.864464 -1.073000 0.129485 -0.006946 0.002476 -0.002455 0.999970
1317383443.368603 14.961477 -1.058767 0.140246 -0.008953 0.002469 -0.002217 0.999954
1317383443.472852 16.209698 -1.093701 0.140484 -0.009999 0.002554 -0.000169 0.999947
1317383443.576978 17.423229 -1.111421 0.141583 -0.011768 0.002640 -0.000880 0.999927
1317383443.681107 18.737177 -1.095569 0.146991 -0.011342 0.002912 -0.001620 0.999930
1317383443.785227 20.120865 -1.078174 0.154776 -0.010520 0.003046 -0.000127 0.999940
1317383443.889355 21.540303 -1.076070 0.160818 -0.010279 0.002689 -0.000089 0.999944
1317383443.993477 22.997425 -1.058479 0.166814 -0.009885 0.002777 -0.000682 0.999947
1317383444.097604 24.468348 -1.045687 0.177630 -0.010230 0.003636 0.000496 0.999941
1317383444.201727 25.934852 -1.041200 0.185923 -0.011026 0.004026 0.001384 0.999930
1317383444.305853 27.322526 -1.042570 0.197543 -0.011415 0.003905 0.001481 0.999926
1317383444.409979 28.709527 -1.031975 0.198986 -0.011262 0.004647 0.002138 0.999923
1317383444.514102 30.123288 -1.031273 0.207453 -0.010957 0.005203 0.002962 0.999922
1317383444.618230 31.538102 -1.009220 0.211302 -0.010331 0.005431 0.003117 0.999927
1317383444.722355 32.957960 -0.979288 0.212299 -0.008739 0.005123 0.003363 0.999943
1317383444.826479 34.323964 -0.974821 0.207376 -0.007829 0.005266 0.002901 0.999951
1317383444.930728 35.730406 -0.972364 0.206268 -0.007182 0.005746 0.002869 0.999954
1317383445.034853 37.155210 -0.952375 0.211906 -0.006308 0.006130 0.002792 0.999957
1317383445.138980 38.571381 -0.927684 0.218822 -0.005613 0.006184 0.002074 0.999963
1317383445.243104 39.990833 -0.914011 0.229026 -0.005360 0.005804 0.002274 0.999966
1317383445.347230 41.417226 -0.908109 0.231156 -0.005206 0.005747 0.001820 0.999968
1317383445.451356 42.809010 -0.899129 0.224529 -0.005733 0.005840 0.001366 0.999966
1317383445.555473 44.216724 -0.873152 0.212129 -0.006444 0.006222 0.000873 0.999959
1317383445.659596 45.631863 -0.855674 0.210605 -0.008997 0.007155 0.000818 0.999934
1317383445.763841 47.119036 -0.846836 0.222147 -0.010715 0.007648 0.000569 0.999913
1317383445.867968 48.564945 -0.847601 0.224470 -0.012947 0.007666 0.000426 0.999887
1317383445.972116 49.980855 -0.827985 0.223861 -0.015127 0.007326 0.000024 0.999859
1317383446.076232 51.376304 -0.811224 0.217008 -0.015638 0.007216 -0.000455 0.999852
1317383446.180229 52.741465 -0.807854 0.212240 -0.015837 0.007358 -0.000300 0.999847
1317383446.284357 54.133986 -0.813258 0.214625 -0.015308 0.007460 -0.000330 0.999855
1317383446.388481 55.539094 -0.802694 0.211187 -0.014726 0.006987 -0.000320 0.999867
1317383446.492605 56.961027 -0.788504 0.203720 -0.014076 0.006846 -0.000365 0.999877
1317383446.596607 58.357066 -0.782082 0.201590 -0.014269 0.007266 0.000144 0.999872
1317383446.700731 59.739371 -0.772860 0.197143 -0.013613 0.007013 0.000137 0.999883
1317383446.804858 61.130609 -0.761389 0.198883 -0.014304 0.007194 0.000635 0.999872
1317383446.908982 62.545596 -0.750880 0.203026 -0.014029 0.007484 0.001067 0.999873
1317383447.013106 63.903820 -0.742428 0.200365 -0.013585 0.008095 0.001555 0.999874
1317383447.117232 65.242338 -0.732937 0.201879 -0.012586 0.008455 0.002267 0.999882
1317383447.221232 66.609622 -0.720824 0.192601 -0.010835 0.008499 0.002676 0.999902
1317383447.325356 68.011985 -0.706442 0.183127 -0.009748 0.008715 0.003212 0.999909
1317383447.429482 69.377790 -0.689377 0.182006 -0.009355 0.008385 0.003172 0.999916
1317383447.533606 70.718932 -0.670145 0.179775 -0.009755 0.008393 0.003154 0.999912
1317383447.637608 72.086424 -0.654929 0.176233 -0.009586 0.007925 0.003141 0.999918
1317383447.741732 73.502876 -0.640439 0.167609 -0.009624 0.007852 0.003101 0.999918
1317383447.845858 74.871831 -0.626101 0.167797 -0.011373 0.007766 0.003083 0.999900
1317383447.949983 76.238666 -0.609320 0.166507 -0.011075 0.008545 0.002862 0.999898
1317383448.053983 77.591069 -0.592112 0.165022 -0.012096 0.009633 0.002860 0.999876
1317383448.158108 78.954779 -0.569890 0.161640 -0.011676 0.009246 0.002674 0.999886
1317383448.262232 80.310797 -0.556386 0.149072 -0.010999 0.007980 0.002599 0.999904
1317383448.366356 81.655833 -0.543550 0.136721 -0.010947 0.007111 0.002908 0.999911
1317383448.470358 83.007451 -0.537947 0.137674 -0.010077 0.007607 0.002878 0.999916
1317383448.574483 84.377148 -0.517605 0.138687 -0.009474 0.008709 0.002568 0.999914
1317383448.678608 85.727688 -0.502348 0.133858 -0.007724 0.009256 0.001981 0.999925
1317383448.782733 87.088908 -0.484474 0.121149 -0.006911 0.008999 0.001567 0.999934
1317383448.886859 88.444878 -0.477657 0.108296 -0.007395 0.008014 0.001529 0.999939
1317383448.990981 89.751051 -0.465712 0.100031 -0.008506 0.006962 0.000898 0.999939
1317383449.095109 91.095453 -0.457192 0.100195 -0.010704 0.006633 -0.000059 0.999921
1317383449.199235 92.450070 -0.441956 0.100208 -0.011816 0.007571 -0.000681 0.999901
1317383449.303359 93.787227 -0.430668 0.095052 -0.011747 0.008976 -0.001100 0.999890
1317383449.407482 95.165852 -0.430010 0.086938 -0.010914 0.009377 -0.001476 0.999895
1317383449.511609 96.516557 -0.427177 0.068615 -0.010411 0.009241 -0.001920 0.999901
1317383449.615735 97.865188 -0.421736 0.050793 -0.011005 0.008908 -0.002691 0.999896
1317383449.719859 99.221686 -0.408962 0.044976 -0.012333 0.008993 -0.003241 0.999878
1317383449.823984 100.588384 -0.406246 0.047471 -0.013093 0.008540 -0.003688 0.999871
1317383449.928109 101.943675 -0.413747 0.038479 -0.013515 0.008125 -0.004410 0.999866
1317383450.032235 103.292929 -0.414606 0.030814 -0.013678 0.008058 -0.004625 0.999863
1317383450.136360 104.678869 -0.418948 0.024173 -0.013421 0.008326 -0.005199 0.999862
1317383450.240485 106.049065 -0.418378 0.016925 -0.013282 0.009167 -0.005566 0.999854
1317383450.344610 107.422495 -0.430436 0.010283 -0.012102 0.009396 -0.005651 0.999867
1317383450.448738 108.776313 -0.440486 -0.004235 -0.010890 0.009475 -0.005614 0.999880
1317383450.552860 110.130071 -0.443033 -0.017053 -0.010197 0.010005 -0.005612 0.999882
1317383450.656984 111.493006 -0.445632 -0.019841 -0.009663 0.010034 -0.005270 0.999889
1317383450.760986 112.860014 -0.449456 -0.026399 -0.009294 0.009871 -0.004690 0.999897
1317383450.865110 114.207743 -0.459825 -0.039963 -0.008319 0.010387 -0.004191 0.999903
1317383450.969235 115.583564 -0.467248 -0.049775 -0.007736 0.010543 -0.003664 0.999908
1317383451.073360 116.970206 -0.464574 -0.065878 -0.006817 0.010672 -0.003019 0.999915
1317383451.177487 118.335386 -0.461117 -0.080518 -0.006247 0.010524 -0.002450 0.999922
1317383451.281622 119.684166 -0.465649 -0.094787 -0.006299 0.010301 -0.001980 0.999925
1317383451.385737 121.055051 -0.469749 -0.105616 -0.005421 0.009471 -0.001406 0.999939
1317383451.489861 122.386316 -0.473334 -0.109326 -0.002878 0.008700 -0.000887 0.999958
1317383451.593986 123.744275 -0.475592 -0.115621 0.000210 0.009918 -0.000552 0.999951
1317383451.698111 125.118275 -0.481647 -0.119438 0.003927 0.010837 0.000284 0.999934
1317383451.802237 126.475905 -0.487087 -0.140733 0.006380 0.010052 0.001022 0.999929
1317383451.906362 127.807303 -0.486852 -0.162696 0.007182 0.008468 0.000777 0.999938
1317383452.010613 129.170586 -0.461877 -0.173797 0.004608 0.007323 0.000475 0.999962
1317383452.114745 130.518370 -0.447428 -0.170963 0.003780 0.007009 0.000044 0.999968
1317383452.218863 131.849935 -0.443063 -0.156680 0.004473 0.008475 -0.000427 0.999954
1317383452.322988 133.197902 -0.447920 -0.153670 0.007178 0.010127 -0.000802 0.999923
1317383452.427235 134.560089 -0.462308 -0.173696 0.009424 0.010802 -0.000680 0.999897
1317383452.531361 135.902667 -0.464051 -0.198929 0.011220 0.011400 -0.000769 0.999872
1317383452.635489 137.222365 -0.453165 -0.218017 0.010469 0.011598 -0.001201 0.999877
1317383452.739611 138.592294 -0.444440 -0.228523 0.008429 0.011642 -0.001690 0.999895
1317383452.843863 139.977276 -0.437129 -0.241772 0.006328 0.010654 -0.002044 0.999921
1317383452.947986 141.305373 -0.430106 -0.257358 0.005002 0.009985 -0.002546 0.999934
1317383453.052114 142.703252 -0.425528 -0.277770 0.004111 0.010700 -0.002668 0.999931
1317383453.156238 144.088542 -0.430684 -0.297630 0.004174 0.011163 -0.002524 0.999926
1317383453.260362 145.491782 -0.432927 -0.316636 0.003818 0.010095 -0.002209 0.999939
1317383453.364489 146.881055 -0.423426 -0.336057 0.002434 0.008737 -0.001939 0.999957
1317383453.468737 148.271768 -0.414765 -0.352022 -0.000473 0.008028 -0.001536 0.999966
1317383453.572874 149.626404 -0.414479 -0.357982 -0.003362 0.008568 -0.001823 0.999956
1317383453.676989 150.984210 -0.410941 -0.352008 -0.006197 0.009615 -0.002228 0.999932
1317383453.781112 152.341406 -0.399682 -0.352130 -0.007374 0.010704 -0.002462 0.999912
1317383453.885240 153.683698 -0.396153 -0.372197 -0.005269 0.011262 -0.002006 0.999921
1317383453.989363 155.088549 -0.392673 -0.396969 -0.002935 0.011562 -0.001156 0.999928
1317383454.093489 156.521382 -0.389171 -0.424960 -0.001684 0.010070 -0.000134 0.999948
1317383454.197613 157.950566 -0.384747 -0.442470 -0.002087 0.007792 0.000820 0.999967
1317383454.301739 159.386260 -0.366156 -0.447148 -0.005287 0.006995 0.001229 0.999961
1317383454.405988 160.793377 -0.353859 -0.453956 -0.007706 0.007632 0.001363 0.999940
1317383454.510113 162.199664 -0.343769 -0.448305 -0.010109 0.009136 0.001145 0.999907
1317383454.614239 163.623503 -0.331808 -0.457198 -0.010263 0.010808 0.000908 0.999889
1317383454.718365 165.050740 -0.322895 -0.477871 -0.010024 0.011032 0.000832 0.999889
1317383454.822489 166.502435 -0.308109 -0.501608 -0.009187 0.011314 0.000891 0.999893
1317383454.926615 167.907322 -0.303005 -0.521825 -0.006853 0.011695 0.000797 0.999908
1317383455.030739 169.324209 -0.300204 -0.534006 -0.006017 0.011606 0.000727 0.999914
1317383455.134866 170.752044 -0.291137 -0.550099 -0.004950 0.012141 0.000449 0.999914
1317383455.238991 172.186777 -0.287886 -0.565762 -0.003093 0.012898 0.000272 0.999912
1317383455.343116 173.637601 -0.281151 -0.588659 -0.000896 0.013422 0.000108 0.999910
1317383455.447241 175.090551 -0.270952 -0.617007 -0.000336 0.012082 -0.000036 0.999927
1317383455.551490 176.555431 -0.256249 -0.648479 -0.003252 0.009346 0.000122 0.999951
1317383455.655614 178.073533 -0.237895 -0.679960 -0.008294 0.008767 -0.000417 0.999927
1317383455.759739 179.595749 -0.227876 -0.690457 -0.013273 0.010680 -0.001215 0.999854
1317383455.863866 181.064713 -0.218084 -0.690152 -0.014818 0.012115 -0.001962 0.999815
1317383455.967990 182.542194 -0.221305 -0.702070 -0.013861 0.012349 -0.001530 0.999827
1317383456.072115 184.017257 -0.217865 -0.730465 -0.011618 0.012140 -0.000973 0.999858
1317383456.176241 185.479307 -0.220494 -0.757083 -0.009989 0.012171 -0.000429 0.999876
1317383456.280242 186.936667 -0.212760 -0.778153 -0.010182 0.012013 -0.000136 0.999876
1317383456.384368 188.433523 -0.203126 -0.795700 -0.011154 0.011972 0.000180 0.999866
1317383456.488489 189.935771 -0.189032 -0.820551 -0.011927 0.012523 0.000127 0.999850
1317383456.592616 191.403863 -0.183501 -0.843261 -0.011294 0.012702 0.000281 0.999856
1317383456.696741 192.872683 -0.188129 -0.864727 -0.010917 0.012105 0.000492 0.999867
1317383456.800866 194.320050 -0.181199 -0.888456 -0.010237 0.011976 0.000542 0.999876
1317383456.904991 195.809322 -0.161735 -0.910493 -0.010371 0.012031 0.000829 0.999873
1317383457.009117 197.282632 -0.144676 -0.928149 -0.010477 0.012049 0.001148 0.999872
1317383457.113240 198.769364 -0.131006 -0.948678 -0.010666 0.012057 0.001211 0.999870
1317383457.217242 200.234286 -0.121622 -0.973556 -0.010972 0.012117 0.001445 0.999865
1317383457.321368 201.704402 -0.117440 -0.992686 -0.010720 0.011994 0.001680 0.999869
1317383457.425493 203.199421 -0.103995 -1.014649 -0.011120 0.012059 0.001830 0.999864
1317383457.529616 204.694367 -0.083492 -1.034420 -0.010404 0.012029 0.001857 0.999872
1317383457.633743 206.206166 -0.069371 -1.056890 -0.009963 0.012037 0.001841 0.999876
1317383457.737865 207.753363 -0.054665 -1.081330 -0.009128 0.012183 0.001812 0.999882
1317383457.841993 209.277838 -0.040086 -1.097369 -0.008829 0.012581 0.001835 0.999880
1317383457.945993 210.767697 -0.033000 -1.115799 -0.008787 0.012974 0.001757 0.999876
1317383458.050119 212.246271 -0.014392 -1.135355 -0.009130 0.013026 0.001781 0.999872
1317383458.154244 213.768574 0.002357 -1.161189 -0.009142 0.012823 0.001648 0.999875
1317383458.258243 215.290333 0.013243 -1.191320 -0.009744 0.013201 0.001538 0.999864
1317383458.362368 216.818533 0.014708 -1.213468 -0.010569 0.014149 0.001178 0.999843
1317383458.466489 218.343088 0.026317 -1.240570 -0.009763 0.014817 0.000888 0.999842
1317383458.570618 219.873396 0.038357 -1.266981 -0.009956 0.014064 0.000833 0.999851
1317383458.674742 221.428307 0.045327 -1.297001 -0.009898 0.013310 0.000706 0.999862
1317383458.778749 223.019689 0.056175 -1.323891 -0.010724 0.013493 0.000533 0.999851
1317383458.882872 224.608704 0.074484 -1.353109 -0.010374 0.014131 0.000239 0.999846
1317383458.986992 226.150952 0.089583 -1.373265 -0.010641 0.014704 0.000494 0.999835
1317383459.090996 227.672704 0.091600 -1.399806 -0.011037 0.014942 0.000658 0.999827
1317383459.195117 229.185994 0.093371 -1.432573 -0.011498 0.014937 0.000618 0.999822
1317383459.299247 230.710168 0.105107 -1.466441 -0.011598 0.015146 0.000695 0.999818
1317383459.403248 232.237363 0.115465 -1.492346 -0.012623 0.015452 0.000598 0.999801
1317383459.507245 233.798486 0.122314 -1.514836 -0.011847 0.015396 0.000752 0.999811
1317383459.611372 235.343423 0.120042 -1.550951 -0.011072 0.015852 0.000503 0.999813
1317383459.715372 236.910393 0.132793 -1.582971 -0.009409 0.016497 0.000437 0.999820
1317383459.819373 238.538346 0.150395 -1.613866 -0.008817 0.016367 0.000615 0.999827
1317383459.923497 240.109621 0.150220 -1.647239 -0.008019 0.015704 0.000721 0.999844
1317383460.027498 241.654410 0.139653 -1.679552 -0.007870 0.016412 0.000218 0.999834
1317383460.131497 243.158203 0.138488 -1.711003 -0.007660 0.017825 -0.000297 0.999812
1317383460.235622 244.663852 0.149335 -1.750810 -0.006084 0.017568 -0.000341 0.999827
1317383460.339622 246.166642 0.152132 -1.791977 -0.005294 0.017130 -0.000194 0.999839
1317383460.443748 247.703365 0.158182 -1.828230 -0.006432 0.016953 -0.000463 0.999835
1317383460.547748 249.230252 0.163104 -1.857876 -0.007214 0.017267 -0.001185 0.999824
1317383460.651747 250.744130 0.167617 -1.890340 -0.008138 0.017139 -0.001684 0.999819
1317383460.755869 252.257767 0.171872 -1.926187 -0.008712 0.017244 -0.002106 0.999811
1317383460.859874 253.797244 0.172604 -1.959902 -0.009133 0.017219 -0.002475 0.999807
1317383460.963999 255.318125 0.163494 -1.996010 -0.009842 0.016989 -0.002939 0.999803
1317383461.067998 256.837423 0.157047 -2.032229 -0.009174 0.016682 -0.003403 0.999813
1317383461.172123 258.404733 0.145345 -2.067071 -0.009261 0.016670 -0.003606 0.999812
1317383461.276251 260.027665 0.131094 -2.098516 -0.008779 0.017480 -0.004005 0.999801
1317383461.380248 261.612323 0.138708 -2.134319 -0.007312 0.017908 -0.004429 0.999803
1317383461.484409 263.174396 0.143493 -2.172604 -0.006534 0.016816 -0.004269 0.999828
1317383461.588373 264.716299 0.143923 -2.214611 -0.006639 0.015520 -0.003927 0.999850
1317383461.692527 266.233936 0.127283 -2.254810 -0.006315 0.015901 -0.003717 0.999847
1317383461.796494 267.741202 0.117496 -2.285213 -0.005939 0.016035 -0.003287 0.999848
1317383461.900497 269.245407 0.119207 -2.312342 -0.005949 0.015971 -0.002968 0.999850
1317383462.004621 270.803301 0.131301 -2.350992 -0.006156 0.015562 -0.002280 0.999857
1317383462.108622 272.322643 0.109406 -2.380058 -0.006761 0.015880 -0.001983 0.999849
1317383462.212622 273.877936 0.091591 -2.409059 -0.006463 0.015963 -0.001671 0.999850
1317383462.316746 275.468911 0.093708 -2.445828 -0.005874 0.016543 -0.001415 0.999845
1317383462.420747 277.114702 0.106996 -2.487621 -0.006782 0.017569 -0.001309 0.999822
1317383462.524747 278.749112 0.130058 -2.526916 -0.006441 0.017599 -0.000968 0.999824
1317383462.628747 280.363242 0.143519 -2.569650 -0.006952 0.017529 -0.001797 0.999821
1317383462.732872 281.978421 0.138964 -2.608063 -0.007205 0.017514 -0.002028 0.999819
1317383462.836871 283.600718 0.127301 -2.653902 -0.005901 0.017125 -0.002476 0.999833
1317383462.940872 285.178550 0.103897 -2.698495 -0.005023 0.016180 -0.002252 0.999854
1317383463.044998 286.736708 0.104988 -2.736065 -0.004663 0.015502 -0.002869 0.999865
1317383463.149001 288.291991 0.109291 -2.769774 -0.005272 0.015264 -0.002070 0.999867
1317383463.253001 289.873615 0.116423 -2.798401 -0.006363 0.015422 -0.000800 0.999861
1317383463.357000 291.524980 0.114010 -2.831724 -0.007296 0.017115 -0.000037 0.999827
1317383463.461001 293.169832 0.125611 -2.864626 -0.007564 0.019162 -0.000604 0.999788
1317383463.565003 294.814525 0.128744 -2.915133 -0.006318 0.019762 -0.000934 0.999784
1317383463.669125 296.418917 0.146499 -2.968609 -0.005393 0.019231 -0.000726 0.999800
1317383463.773125 298.026721 0.148869 -3.015781 -0.005144 0.018707 -0.000167 0.999812
1317383463.877128 299.673214 0.161123 -3.057311 -0.004968 0.019128 -0.001061 0.999804
1317383463.981131 301.296428 0.164817 -3.096449 -0.004668 0.019486 -0.000485 0.999799
1317383464.085252 302.907799 0.158861 -3.139539 -0.005900 0.019388 -0.001299 0.999794
1317383464.189246 304.533351 0.142529 -3.185474 -0.006641 0.018628 -0.001166 0.999804
1317383464.293248 306.177247 0.137251 -3.229683 -0.006183 0.019350 -0.001383 0.999793
1317383464.397252 307.797840 0.135786 -3.271381 -0.005710 0.020412 -0.001456 0.999774
1317383464.501372 309.427571 0.136208 -3.317083 -0.004842 0.019618 -0.001318 0.999795
1317383464.605373 311.054374 0.125778 -3.368976 -0.004857 0.019706 -0.000808 0.999794
1317383464.709374 312.686442 0.122335 -3.406182 -0.006855 0.019437 -0.001144 0.999787
1317383464.813375 314.287201 0.126000 -3.459020 -0.006965 0.017414 -0.000889 0.999824
1317383464.917375 315.879941 0.149377 -3.500785 -0.008325 0.017671 -0.000211 0.999809
1317383465.021499 317.498971 0.162211 -3.535709 -0.008363 0.019218 -0.000198 0.999780
1317383465.125501 319.120301 0.165528 -3.571512 -0.009308 0.021475 0.000637 0.999726
1317383465.229624 320.751844 0.169028 -3.618953 -0.009492 0.021221 0.001085 0.999729
1317383465.333625 322.360689 0.181734 -3.679961 -0.009220 0.019760 0.002045 0.999760
1317383465.437749 323.935791 0.183512 -3.729300 -0.008568 0.020205 0.003365 0.999753
1317383465.541752 325.506038 0.201467 -3.766607 -0.007582 0.021137 0.003977 0.999740
1317383465.645875 327.093842 0.229536 -3.806270 -0.007393 0.020843 0.003967 0.999748
1317383465.750000 328.705726 0.250802 -3.853844 -0.007169 0.020284 0.003799 0.999761
1317383465.854124 330.312585 0.261602 -3.903271 -0.007286 0.020123 0.004252 0.999762
1317383465.958126 331.903882 0.274300 -3.952726 -0.006788 0.020404 0.004190 0.999760
1317383466.062251 333.497854 0.288780 -3.996337 -0.006602 0.020174 0.003999 0.999767
1317383466.166251 335.069175 0.308841 -4.036284 -0.006279 0.019966 0.004116 0.999772
1317383466.270376 336.655070 0.318442 -4.077432 -0.006320 0.020224 0.004308 0.999766
1317383466.376000 338.282577 0.340888 -4.125696 -0.006563 0.020069 0.004395 0.999767
1317383466.478529 339.852587 0.363815 -4.176380 -0.005797 0.019268 0.004306 0.999788
1317383466.582631 341.422461 0.376572 -4.223001 -0.005077 0.019694 0.004603 0.999783
1317383466.686625 342.996477 0.390213 -4.266306 -0.004381 0.021077 0.004403 0.999759
1317383466.790752 344.570057 0.388975 -4.309118 -0.004072 0.020651 0.004823 0.999767
1317383466.894878 346.160211 0.409924 -4.361850 -0.004609 0.020186 0.004437 0.999776
1317383466.998998 347.750960 0.441836 -4.413289 -0.005905 0.020630 0.004098 0.999761
1317383467.103135 349.337520 0.465964 -4.455057 -0.006697 0.021386 0.003555 0.999743
1317383467.207256 350.930589 0.483901 -4.503904 -0.007106 0.021429 0.004162 0.999736
1317383467.311247 352.548308 0.503004 -4.563804 -0.006570 0.020841 0.003836 0.999754
1317383467.415380 354.160898 0.525123 -4.620057 -0.006479 0.020607 0.003740 0.999760
1317383467.519504 355.787147 0.529524 -4.669953 -0.006653 0.020760 0.004009 0.999754
1317383467.623635 357.420214 0.547669 -4.719239 -0.007952 0.021147 0.003705 0.999738
1317383467.727758 359.017925 0.571589 -4.765758 -0.008928 0.021253 0.003928 0.999727
1317383467.831885 360.618657 0.587868 -4.819983 -0.009443 0.021331 0.003585 0.999721
1317383467.936004 362.233352 0.605038 -4.875606 -0.009788 0.020900 0.003734 0.999727
1317383468.040128 363.844063 0.617288 -4.927177 -0.010397 0.020602 0.003201 0.999729
1317383468.144135 365.440482 0.681455 -4.973726 -0.010935 0.021223 0.003579 0.999709
1317383468.248247 367.105744 0.640260 -5.025422 -0.011914 0.021724 0.003487 0.999687
1317383468.352384 368.756526 0.637176 -5.078332 -0.011816 0.021256 0.003365 0.999699
1317383468.456509 370.407426 0.659652 -5.140007 -0.012405 0.021099 0.003449 0.999694
