1317386426.075841 -0.000853 -0.003565 0.001260 -0.001723 -0.000559 0.004592 0.999988
1317386426.179715 0.080243 0.003270 -0.000638 -0.000504 -0.001211 0.010698 0.999942
1317386426.283468 0.181994 0.007603 0.003548 -0.000838 -0.000387 0.018200 0.999834
1317386426.387217 0.393917 0.001471 -0.001240 -0.000461 -0.000394 0.026407 0.999651
1317386426.490967 0.575626 0.008196 -0.002610 0.001271 -0.000796 0.036066 0.999348
1317386426.594719 0.698633 0.029481 -0.005524 0.000837 -0.001210 0.048222 0.998836
1317386426.698468 0.873541 0.046638 0.000930 -0.000566 -0.000988 0.059949 0.998201
1317386426.802218 1.051529 0.082762 0.003609 -0.003066 -0.001483 0.072936 0.997331
1317386426.905965 1.250267 0.108034 0.005724 -0.004424 -0.002309 0.086573 0.996233
1317386427.009592 1.444428 0.143978 0.002056 -0.005207 -0.002481 0.101763 0.994792
1317386427.113341 1.642242 0.173747 0.006943 -0.005413 -0.002521 0.117699 0.993031
1317386427.217092 1.807056 0.233103 0.005378 -0.006602 -0.002221 0.133873 0.990974
1317386427.320716 2.010106 0.296992 0.011663 -0.007096 -0.002127 0.151497 0.988430
1317386427.424348 2.228625 0.364121 0.009312 -0.008448 -0.001780 0.169548 0.985484
1317386427.528093 2.430968 0.444252 0.007909 -0.010286 -0.001737 0.187065 0.982292
1317386427.631842 2.635699 0.542786 0.002226 -0.011386 -0.001702 0.205552 0.978579
1317386427.735468 2.838299 0.633034 0.009379 -0.009490 -0.002175 0.225292 0.974243
1317386427.839217 3.040144 0.718645 0.007266 -0.005761 -0.002214 0.246507 0.969121
1317386427.942844 3.242057 0.811284 -0.003321 -0.005753 -0.000996 0.268952 0.963136
1317386428.046466 3.449103 0.939386 0.007765 -0.009293 0.000760 0.293158 0.956019
1317386428.149972 3.642515 1.090578 0.026508 -0.011726 0.001298 0.318201 0.947950
1317386428.253596 3.845327 1.256830 0.027019 -0.011939 0.001185 0.344551 0.938691
1317386428.357346 4.052892 1.428937 0.021508 -0.008823 0.001906 0.371434 0.928415
1317386428.460969 4.273188 1.623274 0.003793 -0.005779 0.003411 0.398723 0.917047
1317386428.564594 4.470986 1.829955 0.006463 -0.004807 0.004476 0.425379 0.904992
1317386428.668344 4.652166 2.065700 0.007574 -0.004873 0.006111 0.452205 0.891880
1317386428.772094 4.843758 2.316649 0.005489 -0.004288 0.007498 0.479314 0.877601
1317386428.875724 5.008383 2.570457 0.002215 -0.004830 0.008614 0.505940 0.862512
1317386428.979468 5.175310 2.861580 -0.004419 -0.005170 0.010204 0.532119 0.846592
1317386429.083221 5.344083 3.182210 -0.013635 -0.005743 0.010864 0.558012 0.829742
1317386429.186971 5.474996 3.530285 -0.016885 -0.006187 0.012587 0.582397 0.812783
1317386429.290721 5.590894 3.880922 -0.012277 -0.005742 0.014925 0.605263 0.795865
1317386429.394597 5.675565 4.255682 -0.014847 -0.004423 0.016687 0.626721 0.779052
1317386429.498600 5.743260 4.647442 -0.033709 -0.005125 0.016741 0.645666 0.763419
1317386429.602511 5.830071 5.053693 -0.052407 -0.006655 0.015597 0.662191 0.749143
1317386429.706601 5.832737 5.496962 -0.065534 -0.006495 0.014564 0.676703 0.736084
1317386429.810724 5.876653 5.953286 -0.087840 -0.005340 0.013349 0.689650 0.724000
1317386429.914846 5.875281 6.410962 -0.096424 -0.004103 0.013146 0.701325 0.712708
1317386430.018974 5.867836 6.892719 -0.108359 -0.003623 0.012356 0.711239 0.702832
1317386430.123230 5.830663 7.369477 -0.125183 -0.003380 0.011840 0.718934 0.694969
1317386430.227597 5.750379 7.869762 -0.149196 -0.002659 0.011313 0.724309 0.689377
1317386430.331973 5.668672 8.415055 -0.157636 -0.003023 0.011303 0.727927 0.685554
1317386430.436225 5.567510 8.989007 -0.170885 -0.004205 0.011026 0.730838 0.682449
1317386430.540597 5.504224 9.572959 -0.170652 -0.005856 0.010699 0.732798 0.680337
1317386430.644849 5.470349 10.162806 -0.189750 -0.006533 0.010541 0.734490 0.678506
1317386430.749225 5.443857 10.766434 -0.202111 -0.005423 0.012155 0.734707 0.678254
1317386430.853472 5.385725 11.376965 -0.208936 -0.004201 0.013977 0.734214 0.678762
1317386430.957848 5.315500 12.023355 -0.222202 -0.005832 0.014821 0.733529 0.679472
1317386431.062101 5.260036 12.694610 -0.226200 -0.007660 0.014267 0.732993 0.680043
1317386431.166353 5.208841 13.362984 -0.239836 -0.006068 0.013969 0.732268 0.680846
1317386431.270609 5.151020 14.044840 -0.268670 -0.005844 0.013162 0.731855 0.681308
1317386431.374722 5.100922 14.750125 -0.288988 -0.006732 0.013650 0.731298 0.681888
1317386431.478978 5.042510 15.455657 -0.301479 -0.009491 0.014123 0.730498 0.682703
1317386431.583100 4.991561 16.164935 -0.312865 -0.011680 0.014247 0.730047 0.683148
1317386431.687226 4.935630 16.924385 -0.316301 -0.011584 0.014730 0.729618 0.683598
1317386431.791347 4.876294 17.696655 -0.349524 -0.010495 0.014069 0.729077 0.684206
1317386431.895345 4.817693 18.471310 -0.390859 -0.009916 0.012702 0.728296 0.685073
1317386431.999473 4.764793 19.274388 -0.415393 -0.010520 0.013441 0.727829 0.685546
1317386432.103596 4.722936 20.067206 -0.427868 -0.011022 0.014683 0.727620 0.685735
1317386432.207601 4.674476 20.861634 -0.439485 -0.011169 0.016676 0.727122 0.686214
1317386432.311720 4.622815 21.673527 -0.462496 -0.010249 0.016362 0.726954 0.686415
1317386432.415720 4.569758 22.452840 -0.487941 -0.005663 0.015134 0.726815 0.686643
1317386432.519719 4.507453 23.262567 -0.523158 -0.002588 0.013823 0.726800 0.686706
1317386432.623723 4.471989 24.094203 -0.556527 -0.001834 0.013319 0.727213 0.686280
1317386432.727721 4.424411 24.955930 -0.558753 -0.006213 0.014092 0.727430 0.686009
1317386432.831597 4.373516 25.815859 -0.554252 -0.010150 0.016750 0.727410 0.685924
1317386432.935601 4.313453 26.644555 -0.572021 -0.013232 0.018286 0.727656 0.685571
1317386433.039596 4.258956 27.474579 -0.589395 -0.013616 0.019637 0.727827 0.685344
1317386433.143598 4.205424 28.300558 -0.612676 -0.011688 0.019298 0.727854 0.685361
1317386433.247474 4.151913 29.124650 -0.671626 -0.010304 0.017611 0.728160 0.685103
1317386433.351474 4.106491 29.952514 -0.701461 -0.010268 0.017233 0.728329 0.684934
1317386433.455347 4.049008 30.766852 -0.714592 -0.012849 0.017712 0.728161 0.685056
1317386433.559349 3.979232 31.599247 -0.709737 -0.013248 0.017569 0.728378 0.684822
1317386433.663348 3.932240 32.457521 -0.738806 -0.011449 0.016169 0.728122 0.685161
1317386433.767348 3.876386 33.325284 -0.779468 -0.008985 0.014655 0.728104 0.685251
1317386433.871348 3.815533 34.143924 -0.812371 -0.009879 0.013021 0.727856 0.685535
1317386433.975222 3.753883 34.970648 -0.826538 -0.011162 0.014167 0.727672 0.685688
1317386434.079228 3.693692 35.812753 -0.832945 -0.012979 0.015373 0.727545 0.685764
1317386434.183223 3.637559 36.669903 -0.857044 -0.015738 0.016616 0.727151 0.686096
1317386434.287100 3.592219 37.494485 -0.877976 -0.016781 0.018929 0.727145 0.686018
1317386434.391099 3.548676 38.321013 -0.900614 -0.016874 0.019966 0.727197 0.685931
1317386434.495104 3.491061 39.153881 -0.936850 -0.013810 0.020137 0.727116 0.686080
1317386434.599102 3.428205 40.029353 -0.989638 -0.011755 0.017807 0.726936 0.686374
1317386434.703102 3.374210 40.841022 -1.018921 -0.012009 0.015536 0.726765 0.686605
1317386434.806973 3.322350 41.649754 -1.044220 -0.014192 0.012605 0.727157 0.686208
1317386434.910977 3.266535 42.467317 -1.052876 -0.012988 0.013132 0.727394 0.685971
1317386435.014849 3.210644 43.321551 -1.059117 -0.010007 0.013908 0.727782 0.685594
1317386435.118847 3.159328 44.151920 -1.098197 -0.006976 0.013819 0.728182 0.685209
1317386435.222723 3.103140 44.971480 -1.142319 -0.007270 0.015069 0.728609 0.684725
1317386435.326727 3.043642 45.816455 -1.150155 -0.010543 0.016566 0.729290 0.683923
1317386435.430599 2.992510 46.620373 -1.138434 -0.011473 0.020132 0.729857 0.683207
1317386435.534475 2.937535 47.443045 -1.146252 -0.010613 0.021125 0.730376 0.682637
1317386435.638473 2.880039 48.245487 -1.183431 -0.009782 0.019232 0.730819 0.682230
1317386435.742350 2.800674 49.053798 -1.223377 -0.009015 0.016809 0.731099 0.682005
1317386435.846348 2.736158 49.841255 -1.252636 -0.010665 0.014188 0.731765 0.681326
1317386435.950223 2.675975 50.622496 -1.268809 -0.012149 0.013748 0.732242 0.680797
1317386436.054099 2.625732 51.415271 -1.270864 -0.013523 0.013663 0.732447 0.680552
1317386436.158098 2.559011 52.201159 -1.291139 -0.013396 0.014334 0.732801 0.680160
1317386436.261974 2.490794 52.995583 -1.311297 -0.013526 0.013200 0.733055 0.679906
1317386436.365974 2.420277 53.777878 -1.336909 -0.013686 0.014052 0.733178 0.679753
1317386436.469851 2.363388 54.543074 -1.359183 -0.013865 0.015439 0.733302 0.679586
1317386436.573849 2.296522 55.322879 -1.375794 -0.016648 0.016491 0.733272 0.679532
1317386436.677724 2.229680 56.102808 -1.385257 -0.017257 0.018700 0.733272 0.679459
1317386436.781725 2.159909 56.875202 -1.406114 -0.016493 0.019079 0.733546 0.679172
1317386436.885600 2.105280 57.618326 -1.440180 -0.015935 0.019126 0.733638 0.679084
1317386436.989598 2.040690 58.356226 -1.468936 -0.012545 0.019439 0.733662 0.679121
1317386437.093475 1.987110 59.091481 -1.496779 -0.011627 0.017807 0.733732 0.679106
1317386437.197477 1.922494 59.806710 -1.504456 -0.010564 0.017458 0.733299 0.679601
1317386437.301477 1.867408 60.508520 -1.516707 -0.010499 0.016542 0.732565 0.680415
1317386437.405476 1.810909 61.184836 -1.535566 -0.012264 0.015608 0.731321 0.681744
1317386437.509599 1.759410 61.841433 -1.557307 -0.012796 0.016368 0.729242 0.683941
1317386437.613601 1.711653 62.479987 -1.564688 -0.013404 0.017109 0.726748 0.686560
1317386437.717725 1.669385 63.125573 -1.568464 -0.012196 0.019450 0.723762 0.689667
1317386437.821850 1.635776 63.773778 -1.586054 -0.014952 0.018188 0.719910 0.693668
1317386437.925976 1.617391 64.382213 -1.615712 -0.016453 0.017578 0.714816 0.698898
1317386438.030227 1.598978 64.956815 -1.632018 -0.017266 0.017927 0.708626 0.705145
1317386438.134476 1.575812 65.562529 -1.642050 -0.018263 0.017753 0.699838 0.713848
1317386438.238727 1.558117 66.127330 -1.667216 -0.017670 0.018444 0.690197 0.723171
1317386438.343099 1.580818 66.665553 -1.690949 -0.016556 0.019277 0.679312 0.733410
1317386438.447476 1.639014 67.198521 -1.709029 -0.015519 0.019825 0.666325 0.745236
1317386438.551849 1.694439 67.710879 -1.726006 -0.015578 0.020449 0.650980 0.758659
1317386438.656226 1.749285 68.251546 -1.747990 -0.014802 0.020419 0.634179 0.772775
1317386438.760725 1.810866 68.709039 -1.764238 -0.014924 0.021237 0.615950 0.787357
1317386438.865102 1.905729 69.175049 -1.767822 -0.013615 0.022836 0.595937 0.802591
1317386438.969600 2.042223 69.624401 -1.766686 -0.009455 0.024267 0.574592 0.818025
1317386439.073977 2.216247 70.054407 -1.797716 -0.005122 0.024866 0.552383 0.833204
1317386439.178476 2.407639 70.473660 -1.829875 -0.002529 0.025276 0.528827 0.848350
1317386439.282855 2.605927 70.864776 -1.863061 -0.002533 0.025327 0.504382 0.863105
1317386439.387103 2.808330 71.257822 -1.871793 -0.003114 0.026073 0.480542 0.876578
1317386439.491479 3.040195 71.628909 -1.861112 -0.000971 0.027387 0.457436 0.888820
1317386439.595731 3.300084 71.974769 -1.858175 0.004408 0.030898 0.434054 0.900346
1317386439.699976 3.589395 72.277570 -1.893127 0.006896 0.031184 0.410396 0.911348
1317386439.804233 3.888677 72.616975 -1.929792 0.006356 0.027989 0.385443 0.922285
1317386439.908486 4.182718 72.951141 -1.961352 0.006742 0.022046 0.359466 0.932873
1317386440.012726 4.520658 73.282224 -1.992542 0.005617 0.016002 0.332223 0.943048
1317386440.116978 4.863749 73.580883 -2.017305 0.004266 0.012819 0.304505 0.952415
1317386440.221225 5.264026 73.864173 -2.018298 0.003523 0.012518 0.276708 0.960866
1317386440.325352 5.681735 74.115704 -2.033884 0.002687 0.011105 0.248954 0.968448
1317386440.429478 6.119745 74.357424 -2.041265 0.002044 0.011076 0.222188 0.974939
1317386440.533480 6.621824 74.568904 -2.042781 -0.001873 0.011332 0.198489 0.980036
1317386440.637476 7.131224 74.783222 -2.059462 -0.004692 0.009732 0.176997 0.984152
1317386440.741357 7.668457 74.966821 -2.078053 -0.007177 0.009486 0.157373 0.987468
1317386440.845107 8.229843 75.129093 -2.080246 -0.008557 0.010115 0.141724 0.989818
1317386440.948730 8.817599 75.291791 -2.077587 -0.008618 0.010975 0.129614 0.991466
1317386441.052480 9.443414 75.431905 -2.085232 -0.007946 0.011814 0.119469 0.992736
1317386441.156231 10.064162 75.585174 -2.103750 -0.008519 0.012749 0.110822 0.993722
1317386441.259982 10.698275 75.734685 -2.124857 -0.010253 0.014016 0.102521 0.994579
1317386441.363605 11.353091 75.865773 -2.134195 -0.012489 0.014833 0.096384 0.995155
1317386441.467355 12.024272 75.965921 -2.140702 -0.013141 0.014624 0.090284 0.995722
1317386441.571109 12.701443 76.077988 -2.164601 -0.012212 0.014242 0.084265 0.996267
1317386441.674855 13.390686 76.194607 -2.196631 -0.012482 0.014797 0.076216 0.996903
1317386441.778604 14.101437 76.311918 -2.214062 -0.013919 0.015287 0.069321 0.997380
1317386441.882482 14.827037 76.420267 -2.225904 -0.014799 0.014296 0.062185 0.997853
1317386441.986230 15.559121 76.506009 -2.237275 -0.014349 0.012373 0.057259 0.998180
1317386442.090107 16.324846 76.571612 -2.257943 -0.013440 0.008758 0.052905 0.998471
1317386442.193854 17.076804 76.659387 -2.302034 -0.013944 0.007151 0.048163 0.998717
1317386442.297606 17.836946 76.738660 -2.315970 -0.016719 0.009959 0.044784 0.998807
1317386442.401486 18.603240 76.817671 -2.297376 -0.022140 0.014360 0.041709 0.998781
1317386442.505232 19.378084 76.893909 -2.280123 -0.022087 0.017818 0.039573 0.998814
1317386442.608983 20.140260 76.961935 -2.301019 -0.018381 0.017155 0.037695 0.998973
1317386442.712731 20.925743 77.028220 -2.352478 -0.017508 0.016340 0.035815 0.999071
1317386442.816608 21.686463 77.102152 -2.389301 -0.017802 0.016379 0.034577 0.999109
1317386442.920357 22.444958 77.140926 -2.388379 -0.016866 0.018369 0.032983 0.999145
1317386443.024237 23.202426 77.182856 -2.378220 -0.017953 0.019920 0.031705 0.999137
1317386443.127979 23.961188 77.230017 -2.389304 -0.017231 0.019257 0.030512 0.999200
1317386443.231857 24.719716 77.289803 -2.427585 -0.016401 0.015781 0.029334 0.999310
1317386443.335728 25.477207 77.353456 -2.468241 -0.015460 0.011207 0.029066 0.999395
1317386443.439478 26.244291 77.398314 -2.487961 -0.016298 0.008190 0.028192 0.999436
1317386443.543352 27.017601 77.441010 -2.491245 -0.018402 0.008626 0.027686 0.999410
1317386443.647229 27.771447 77.499555 -2.481147 -0.020248 0.011113 0.026413 0.999384
1317386443.751103 28.523731 77.551868 -2.471072 -0.023675 0.014370 0.024945 0.999305
1317386443.854855 29.281453 77.607089 -2.479187 -0.022429 0.015701 0.024025 0.999336
1317386443.958728 30.026278 77.628845 -2.504288 -0.018713 0.015625 0.022734 0.999444
1317386444.062604 30.779944 77.666121 -2.524057 -0.017788 0.015380 0.022350 0.999474
1317386444.166478 31.531613 77.709485 -2.545075 -0.017858 0.015276 0.021684 0.999489
1317386444.270230 32.306171 77.755480 -2.549606 -0.016868 0.014063 0.021410 0.999530
1317386444.374104 33.079261 77.787182 -2.569654 -0.015520 0.013954 0.020993 0.999562
1317386444.477980 33.839668 77.827870 -2.585564 -0.016589 0.014880 0.020555 0.999540
1317386444.581855 34.612519 77.865996 -2.600090 -0.016346 0.014748 0.020323 0.999551
1317386444.685728 35.385569 77.891184 -2.615659 -0.016876 0.014516 0.020961 0.999532
1317386444.789604 36.169759 77.930947 -2.636890 -0.015663 0.014540 0.022191 0.999525
1317386444.893357 36.969284 77.976668 -2.662255 -0.016179 0.014766 0.023688 0.999479
1317386444.997228 37.790119 78.027268 -2.670992 -0.016650 0.015068 0.025326 0.999427
1317386445.101105 38.610267 78.066040 -2.686139 -0.018886 0.013036 0.026922 0.999374
1317386445.204855 39.412548 78.110923 -2.707843 -0.018677 0.010478 0.027797 0.999384
1317386445.308730 40.226967 78.158033 -2.741341 -0.017780 0.009641 0.028768 0.999381
1317386445.412604 41.051370 78.222288 -2.756197 -0.018986 0.010416 0.030075 0.999313
1317386445.516479 41.892605 78.276949 -2.750243 -0.017844 0.011667 0.030979 0.999293
1317386445.620358 42.736067 78.326535 -2.757855 -0.016965 0.012387 0.032128 0.999263
1317386445.724235 43.587384 78.383379 -2.785624 -0.017196 0.013908 0.032923 0.999213
1317386445.828236 44.431328 78.451925 -2.806254 -0.017740 0.016166 0.032732 0.999176
1317386445.932108 45.287482 78.520393 -2.814130 -0.017162 0.018483 0.033017 0.999136
1317386446.035983 46.154447 78.585498 -2.834236 -0.017390 0.018636 0.031925 0.999165
1317386446.139985 47.025643 78.643940 -2.860482 -0.018667 0.018264 0.030734 0.999186
1317386446.243860 47.879277 78.704404 -2.888406 -0.017299 0.016767 0.029779 0.999266
1317386446.347855 48.745546 78.755384 -2.916701 -0.014785 0.015954 0.028820 0.999348
1317386446.451734 49.618081 78.810371 -2.942599 -0.014952 0.015313 0.028046 0.999377
1317386446.555610 50.501599 78.863120 -2.960604 -0.013969 0.016502 0.027316 0.999393
1317386446.659610 51.377233 78.924872 -2.967996 -0.012971 0.018665 0.027027 0.999376
1317386446.763486 52.242709 78.974906 -2.981289 -0.012579 0.019076 0.026716 0.999382
1317386446.867359 53.108604 79.020079 -3.006512 -0.013811 0.017653 0.025745 0.999417
1317386446.971235 53.964903 79.068510 -3.041083 -0.013753 0.014690 0.025383 0.999475
1317386447.075356 54.824424 79.123354 -3.064322 -0.013635 0.011875 0.025206 0.999519
1317386447.179230 55.682546 79.180547 -3.079623 -0.016580 0.008568 0.024559 0.999524
1317386447.283231 56.553270 79.237517 -3.095054 -0.017753 0.006993 0.024239 0.999524
1317386447.387108 57.414200 79.284704 -3.110211 -0.018059 0.009647 0.023903 0.999505
1317386447.490982 58.267496 79.318264 -3.097665 -0.019726 0.015358 0.024120 0.999396
1317386447.594980 59.116427 79.366985 -3.067521 -0.022129 0.020105 0.024662 0.999249
1317386447.698859 59.940551 79.410492 -3.076029 -0.020067 0.019860 0.026213 0.999258
1317386447.802734 60.760136 79.450734 -3.119569 -0.014821 0.016406 0.027137 0.999387
1317386447.906859 61.586277 79.501382 -3.184737 -0.012700 0.016084 0.028525 0.999383
1317386448.010733 62.433927 79.554835 -3.196393 -0.015445 0.015282 0.029743 0.999321
1317386448.114611 63.260589 79.613352 -3.182329 -0.016690 0.013646 0.031767 0.999263
1317386448.218483 64.075178 79.669389 -3.198416 -0.017450 0.012102 0.033935 0.999198
1317386448.322482 64.889560 79.727806 -3.220781 -0.016962 0.009624 0.035826 0.999168
1317386448.426481 65.686520 79.790698 -3.237565 -0.020210 0.009315 0.037167 0.999061
1317386448.530356 66.494803 79.861000 -3.246189 -0.023118 0.010085 0.039048 0.998919
1317386448.634357 67.308235 79.935696 -3.256414 -0.024147 0.013056 0.041129 0.998777
1317386448.738238 68.117094 80.009755 -3.255940 -0.026290 0.016456 0.042938 0.998596
1317386448.842108 68.906385 80.092618 -3.264240 -0.025004 0.018607 0.045363 0.998484
1317386448.946107 69.693653 80.168232 -3.279409 -0.025498 0.018625 0.048816 0.998309
1317386449.050107 70.472579 80.239757 -3.310429 -0.023588 0.020552 0.051828 0.998166
1317386449.153983 71.247481 80.309489 -3.330031 -0.023567 0.021288 0.055182 0.997971
1317386449.257859 72.018766 80.399597 -3.340172 -0.025570 0.020846 0.058394 0.997748
1317386449.361857 72.805178 80.509415 -3.366984 -0.026327 0.019285 0.060792 0.997617
1317386449.465734 73.553719 80.611421 -3.397371 -0.025098 0.017358 0.064087 0.997478
1317386449.569732 74.323622 80.709305 -3.435110 -0.023807 0.016584 0.067009 0.997330
1317386449.673608 75.086825 80.816192 -3.466088 -0.026158 0.018497 0.069148 0.997092
1317386449.777607 75.858176 80.941824 -3.484743 -0.026405 0.021059 0.072158 0.996821
1317386449.881487 76.622148 81.056286 -3.484739 -0.028233 0.022741 0.075190 0.996510
1317386449.985482 77.389821 81.187138 -3.499114 -0.024712 0.022072 0.078816 0.996338
1317386450.089359 78.147368 81.321356 -3.537096 -0.018839 0.018685 0.082739 0.996218
1317386450.193234 78.882683 81.445800 -3.583310 -0.019765 0.016655 0.087600 0.995820
1317386450.297108 79.617761 81.566102 -3.613637 -0.024634 0.017790 0.093018 0.995201
1317386450.400985 80.356972 81.699818 -3.626036 -0.025366 0.020661 0.098958 0.994554
1317386450.504860 81.090945 81.847715 -3.650248 -0.029252 0.023980 0.105153 0.993736
1317386450.608735 81.821470 82.004138 -3.661263 -0.024413 0.027622 0.110649 0.993176
1317386450.712609 82.540430 82.177732 -3.670471 -0.024425 0.026350 0.116470 0.992544
1317386450.816484 83.268850 82.372039 -3.698690 -0.022570 0.021620 0.122710 0.991950
1317386450.920359 83.980181 82.561742 -3.753096 -0.020818 0.017781 0.129027 0.991263
1317386451.024235 84.715827 82.757794 -3.826230 -0.023980 0.018783 0.135410 0.990321
1317386451.128110 85.450442 82.964817 -3.868763 -0.023771 0.023410 0.141040 0.989442
1317386451.231986 86.193389 83.188514 -3.864752 -0.025632 0.026690 0.147252 0.988406
1317386451.335885 86.926824 83.416337 -3.866594 -0.022734 0.027033 0.153523 0.987514
1317386451.439867 87.635781 83.648257 -3.899434 -0.019370 0.024772 0.159944 0.986625
1317386451.543735 88.329179 83.888407 -3.954939 -0.015393 0.021824 0.164497 0.986016
1317386451.647611 89.024443 84.140593 -3.996793 -0.014528 0.019182 0.168452 0.985416
1317386451.751610 89.745208 84.397675 -4.030267 -0.014791 0.018055 0.172317 0.984765
1317386451.855608 90.453290 84.661695 -4.058919 -0.018736 0.017174 0.176344 0.984000
1317386451.959482 91.154931 84.925781 -4.083810 -0.021567 0.017781 0.180572 0.983165
1317386452.063360 91.856489 85.193979 -4.120298 -0.022126 0.020526 0.184736 0.982325
1317386452.167361 92.573101 85.473190 -4.163815 -0.022735 0.024558 0.188635 0.981477
1317386452.271237 93.284885 85.758044 -4.186753 -0.026367 0.028843 0.191597 0.980695
1317386452.375237 93.988023 86.072171 -4.186475 -0.029158 0.028161 0.194556 0.980053
1317386452.479243 94.689686 86.388428 -4.216546 -0.027542 0.023774 0.197963 0.979534
1317386452.583233 95.383815 86.669216 -4.277097 -0.022364 0.019793 0.200296 0.979280
1317386452.687234 96.071777 86.956609 -4.346858 -0.020789 0.019582 0.202558 0.978854
1317386452.791110 96.776282 87.261965 -4.387003 -0.027660 0.020930 0.204575 0.978236
1317386452.895117 97.485878 87.596361 -4.396835 -0.031901 0.022814 0.207263 0.977499
1317386452.998986 98.215550 87.931507 -4.400194 -0.026645 0.023901 0.210603 0.976916
1317386453.102861 98.929864 88.244488 -4.439036 -0.024022 0.020944 0.213126 0.976505
1317386453.206860 99.627220 88.574431 -4.495423 -0.021665 0.017624 0.215629 0.976076
1317386453.310735 100.319225 88.920883 -4.548947 -0.022920 0.016138 0.218286 0.975482
1317386453.414736 101.015227 89.251386 -4.570851 -0.026362 0.017806 0.220530 0.974861
1317386453.518614 101.720103 89.590285 -4.575679 -0.028989 0.019113 0.222805 0.974244
1317386453.622519 102.416914 89.944134 -4.597117 -0.027646 0.019787 0.225391 0.973675
1317386453.726360 103.099763 90.280580 -4.632314 -0.025992 0.019919 0.227983 0.973114
1317386453.830362 103.779037 90.605505 -4.665680 -0.024405 0.019513 0.230237 0.972633
1317386453.934239 104.452350 90.947821 -4.699474 -0.024719 0.020163 0.232425 0.972091
1317386454.038236 105.121426 91.304696 -4.723469 -0.023856 0.020610 0.234465 0.971613
1317386454.142112 105.794695 91.667513 -4.747711 -0.024371 0.020875 0.237023 0.970974
1317386454.245986 106.458970 92.015502 -4.763641 -0.022597 0.019795 0.239472 0.970438
1317386454.349986 107.121670 92.366943 -4.794357 -0.020882 0.017661 0.241614 0.969987
1317386454.453861 107.781879 92.722806 -4.836526 -0.020478 0.016132 0.243913 0.969447
1317386454.557862 108.433981 93.069675 -4.882154 -0.022231 0.016918 0.246139 0.968832
1317386454.661739 109.066026 93.418987 -4.907897 -0.025298 0.020865 0.247761 0.968266
1317386454.765735 109.696283 93.779505 -4.914593 -0.027056 0.025610 0.249474 0.967665
1317386454.869615 110.319001 94.139333 -4.915402 -0.024672 0.029615 0.250504 0.967348
1317386454.973611 110.927837 94.488216 -4.939766 -0.019842 0.031019 0.252280 0.966953
1317386455.077487 111.526052 94.819609 -4.981828 -0.017957 0.029601 0.253921 0.966605
1317386455.181360 112.109416 95.143627 -5.027927 -0.016843 0.028070 0.255287 0.966311
1317386455.285360 112.660063 95.473509 -5.068580 -0.016822 0.027540 0.257412 0.965763
1317386455.389238 113.187607 95.783271 -5.097582 -0.014361 0.027960 0.258203 0.965579
1317386455.493112 113.696883 96.081428 -5.126660 -0.014984 0.028386 0.259218 0.965285
1317386455.597112 114.205650 96.373640 -5.148335 -0.016432 0.028971 0.260385 0.964930
1317386455.700987 114.689498 96.647139 -5.174808 -0.014441 0.029946 0.261484 0.964635
1317386455.804861 115.158602 96.919503 -5.193180 -0.013533 0.030353 0.262727 0.964298
1317386455.908738 115.604812 97.179346 -5.206443 -0.013509 0.030220 0.263885 0.963986
1317386456.012738 116.004161 97.439565 -5.228075 -0.013440 0.028942 0.265330 0.963630
1317386456.116610 116.394476 97.684448 -5.251936 -0.013158 0.026845 0.266280 0.963432
1317386456.220363 116.757462 97.906231 -5.286618 -0.011059 0.025515 0.268008 0.963015
1317386456.324238 117.122593 98.110629 -5.308706 -0.008828 0.026379 0.270358 0.962358
1317386456.428111 117.483652 98.303807 -5.326973 -0.009494 0.027165 0.272843 0.961628
1317386456.531987 117.815468 98.526745 -5.341109 -0.011379 0.027815 0.276511 0.960541
1317386456.635862 118.138521 98.746588 -5.355379 -0.014689 0.029221 0.279924 0.959465
1317386456.739614 118.452914 98.969295 -5.365664 -0.017363 0.031834 0.283050 0.958419
1317386456.843489 118.726466 99.155986 -5.370361 -0.017403 0.034494 0.286816 0.957206
1317386456.947239 118.981906 99.309554 -5.378901 -0.015109 0.035859 0.290850 0.955977
1317386457.051115 119.202992 99.453093 -5.403575 -0.011832 0.037170 0.295904 0.954421
1317386457.154741 119.411682 99.597146 -5.414457 -0.010972 0.037707 0.302371 0.952381
1317386457.258488 119.608841 99.731881 -5.427425 -0.010583 0.038803 0.309897 0.949919
1317386457.362116 119.795355 99.881157 -5.438940 -0.011679 0.038753 0.319093 0.946859
1317386457.465863 119.983374 100.032284 -5.451666 -0.011000 0.037781 0.329398 0.943371
1317386457.569490 120.160558 100.170555 -5.469582 -0.009970 0.035632 0.339591 0.939845
1317386457.673239 120.326785 100.308492 -5.480046 -0.008692 0.033399 0.350120 0.936069
1317386457.776988 120.486589 100.439329 -5.501772 -0.009000 0.031293 0.359863 0.932437
1317386457.880738 120.640462 100.594089 -5.529547 -0.012129 0.029207 0.370061 0.928469
1317386457.984489 120.777634 100.756601 -5.541252 -0.014235 0.027549 0.380610 0.924216
1317386458.088115 120.913487 100.902275 -5.548486 -0.012408 0.028596 0.391456 0.919669
1317386458.191866 121.053272 101.040340 -5.568398 -0.010300 0.030172 0.403446 0.914448
1317386458.295622 121.177557 101.153229 -5.589836 -0.010155 0.031790 0.415399 0.909027
1317386458.399239 121.289142 101.292400 -5.603304 -0.012438 0.032430 0.428765 0.902748
1317386458.502989 121.408087 101.449441 -5.608648 -0.014138 0.033351 0.442183 0.896193
1317386458.606738 121.520757 101.633228 -5.612863 -0.015183 0.034295 0.455817 0.889283
1317386458.710364 121.632506 101.808340 -5.622523 -0.016195 0.034828 0.469218 0.882247
1317386458.814116 121.747239 101.973285 -5.634632 -0.018519 0.035054 0.482563 0.874964
1317386458.917988 121.828628 102.136746 -5.641184 -0.020173 0.035322 0.496710 0.866963
1317386459.021616 121.922764 102.299009 -5.642348 -0.019358 0.035974 0.510290 0.859031
1317386459.125365 122.019873 102.485234 -5.654534 -0.017515 0.035219 0.525321 0.849994
1317386459.229115 122.124157 102.697679 -5.670736 -0.015910 0.033573 0.541169 0.840092
1317386459.332740 122.211897 102.920375 -5.693071 -0.014568 0.032615 0.557814 0.829197
1317386459.436363 122.305401 103.181996 -5.715210 -0.013960 0.032775 0.576115 0.816592
1317386459.539989 122.394221 103.445463 -5.739896 -0.012681 0.032635 0.594149 0.803593
1317386459.643741 122.478441 103.724088 -5.762202 -0.011071 0.032031 0.612991 0.789363
1317386459.747365 122.541390 104.019827 -5.786133 -0.009261 0.031892 0.632565 0.773795
1317386459.851117 122.579612 104.338328 -5.812287 -0.008485 0.031955 0.652030 0.757472
1317386459.954741 122.611720 104.671631 -5.833814 -0.007952 0.032912 0.671507 0.740225
1317386460.058488 122.656115 105.030147 -5.852344 -0.007481 0.034969 0.691381 0.721605
1317386460.162239 122.684214 105.402375 -5.871672 -0.006166 0.037222 0.710889 0.702292
1317386460.265990 122.678388 105.771304 -5.884878 -0.005012 0.039368 0.729513 0.682815
1317386460.369742 122.660953 106.155941 -5.904573 -0.003564 0.041011 0.747591 0.662883
1317386460.473492 122.618534 106.554578 -5.921867 -0.002947 0.042186 0.765078 0.642547
1317386460.577365 122.540591 106.963530 -5.940091 -0.001779 0.043233 0.781130 0.622868
1317386460.681246 122.447281 107.394853 -5.962609 0.000113 0.044887 0.796645 0.602779
1317386460.784992 122.333234 107.835119 -5.986609 0.002315 0.046608 0.811501 0.582484
1317386460.888864 122.183226 108.280105 -6.006335 0.004286 0.048487 0.825182 0.562765
1317386460.992869 121.998591 108.736735 -6.032867 0.005429 0.049777 0.838060 0.543275
1317386461.096742 121.773724 109.200346 -6.059171 0.006768 0.051077 0.849800 0.524580
1317386461.200742 121.542223 109.670870 -6.080526 0.007402 0.051019 0.860182 0.507376
1317386461.304991 121.297978 110.131294 -6.096310 0.007957 0.051199 0.868136 0.493615
1317386461.409116 121.030880 110.591155 -6.112252 0.007843 0.049902 0.874700 0.482025
1317386461.513367 120.716727 111.070691 -6.135535 0.008142 0.048216 0.879057 0.474203
1317386461.617620 120.365596 111.576711 -6.158664 0.007943 0.047396 0.882388 0.468062
1317386461.721991 119.994237 112.085730 -6.174357 0.007572 0.047714 0.885473 0.462173
1317386461.826245 119.638143 112.564421 -6.184029 0.008053 0.048586 0.887522 0.458126
1317386461.930490 119.260345 113.083928 -6.195501 0.007681 0.049652 0.889698 0.453777
1317386462.034746 118.878543 113.628754 -6.214576 0.007251 0.049499 0.891157 0.450929
1317386462.138994 118.489133 114.174665 -6.236279 0.007425 0.049710 0.892755 0.447730
1317386462.243245 118.056744 114.724392 -6.254094 0.007202 0.049554 0.893833 0.445595
1317386462.347370 117.598191 115.312953 -6.268823 0.007666 0.050926 0.894694 0.443700
1317386462.451621 117.136619 115.921414 -6.285676 0.007568 0.051711 0.895518 0.441945
1317386462.555744 116.684215 116.538307 -6.314622 0.007251 0.050910 0.895741 0.441592
1317386462.659869 116.218392 117.160433 -6.342707 0.007375 0.050675 0.895834 0.441428
1317386462.764116 115.732471 117.791646 -6.362911 0.007983 0.051245 0.896155 0.440700
1317386462.868122 115.217383 118.442816 -6.381767 0.008243 0.050767 0.896301 0.440453
1317386462.972242 114.687189 119.121389 -6.403262 0.008296 0.051366 0.896315 0.440355
1317386463.076365 114.158089 119.795764 -6.426737 0.006886 0.051373 0.896413 0.440179
1317386463.180492 113.636174 120.452271 -6.444683 0.005134 0.051105 0.896610 0.439832
1317386463.284495 113.113384 121.120289 -6.457152 0.005296 0.051840 0.896939 0.439072
1317386463.388617 112.571829 121.819272 -6.483055 0.006564 0.052167 0.897108 0.438672
1317386463.492616 112.022650 122.531515 -6.519004 0.008300 0.052267 0.897389 0.438056
1317386463.596619 111.450322 123.258573 -6.549840 0.008496 0.052938 0.897739 0.437253
1317386463.700618 110.856082 123.999052 -6.566200 0.008648 0.053756 0.898036 0.436539
1317386463.804617 110.272798 124.735993 -6.584244 0.009802 0.053702 0.898416 0.435740
1317386463.908619 109.689896 125.469417 -6.613404 0.011609 0.052769 0.898653 0.435319
1317386464.012616 109.096488 126.218208 -6.646613 0.013969 0.051992 0.898881 0.434873
1317386464.116494 108.475758 126.983329 -6.665927 0.013139 0.049417 0.898906 0.435148
1317386464.220495 107.852912 127.750189 -6.668578 0.011785 0.048891 0.898773 0.435521
1317386464.324492 107.223140 128.524958 -6.669513 0.009540 0.048357 0.898981 0.435205
1317386464.428367 106.600381 129.310536 -6.680986 0.008559 0.049235 0.898915 0.435263
1317386464.532368 105.973529 130.109640 -6.705073 0.008133 0.051054 0.898915 0.435062
1317386464.636246 105.337369 130.900084 -6.729758 0.007657 0.051791 0.899137 0.434525
1317386464.740244 104.705220 131.692339 -6.747162 0.007571 0.052500 0.898980 0.434765
1317386464.844119 104.084374 132.466837 -6.763474 0.007389 0.052268 0.899177 0.434390
1317386464.948005 103.477591 133.229955 -6.779387 0.006724 0.051546 0.899262 0.434310
1317386465.052004 102.859738 133.990015 -6.797910 0.006256 0.052425 0.899291 0.434153
1317386465.155868 102.236988 134.765269 -6.821822 0.005496 0.053103 0.899255 0.434155
1317386465.259866 101.622110 135.547560 -6.848062 0.005556 0.053102 0.899414 0.433824
1317386465.363756 101.005448 136.317803 -6.869755 0.006150 0.053055 0.899709 0.433210
1317386465.467631 100.388711 137.070221 -6.890495 0.006860 0.053716 0.899897 0.432727
1317386465.571614 99.767951 137.832135 -6.913461 0.006914 0.053920 0.900041 0.432402
1317386465.675501 99.159548 138.580588 -6.935240 0.006645 0.053654 0.900305 0.431888
1317386465.779365 98.541156 139.348607 -6.955396 0.006543 0.053137 0.900602 0.431335
1317386465.883252 97.921623 140.119165 -6.976482 0.007119 0.052668 0.900705 0.431167
1317386465.987125 97.294472 140.893627 -6.995765 0.006893 0.052335 0.900781 0.431053
1317386466.090994 96.666005 141.651534 -7.019790 0.005668 0.050657 0.900826 0.431177
1317386466.195000 96.040594 142.424794 -7.034930 0.004810 0.049370 0.900763 0.431469
1317386466.298877 95.419285 143.192995 -7.057804 0.005179 0.049054 0.900486 0.432080
1317386466.402784 94.810321 143.952998 -7.084251 0.005514 0.048145 0.900138 0.432900
1317386466.506752 94.205736 144.711599 -7.108632 0.006048 0.048581 0.899728 0.433697
1317386466.610623 93.598003 145.468833 -7.124807 0.004950 0.049025 0.899457 0.434222
1317386466.714502 92.983019 146.232091 -7.139685 0.003460 0.050388 0.899116 0.434787
1317386466.818376 92.384893 146.981976 -7.157711 0.001287 0.054306 0.898678 0.435233
1317386466.922249 91.760520 147.763185 -7.184727 -0.000601 0.056215 0.898559 0.435236
1317386467.026119 91.149778 148.518790 -7.218039 0.001663 0.056524 0.898376 0.435572
1317386467.129869 90.523106 149.303206 -7.264032 0.004811 0.055299 0.898581 0.435282
1317386467.233756 89.902824 150.069623 -7.294545 0.005661 0.054876 0.898522 0.435447
1317386467.337494 89.295235 150.821215 -7.314717 0.003725 0.054975 0.898627 0.435240
1317386467.441380 88.679068 151.591046 -7.335254 0.002553 0.056201 0.898608 0.435131
1317386467.545132 88.067975 152.359116 -7.365058 0.003541 0.057000 0.898695 0.434841
1317386467.649005 87.462354 153.127153 -7.402635 0.004673 0.056609 0.898816 0.434630
1317386467.752753 86.867412 153.868139 -7.433202 0.004391 0.056486 0.899067 0.434129
1317386467.856506 86.267267 154.610345 -7.455465 0.002489 0.056878 0.899315 0.433580
1317386467.960370 85.650264 155.370524 -7.476105 0.000577 0.057806 0.899469 0.433143
1317386468.064121 85.028347 156.151744 -7.509752 0.000640 0.059174 0.899627 0.432632
1317386468.167882 84.419707 156.904475 -7.545663 0.001777 0.059964 0.899724 0.432316
1317386468.271627 83.823985 157.639890 -7.585710 0.003363 0.060291 0.899723 0.432263
1317386468.375533 83.227166 158.369616 -7.617327 0.003318 0.059356 0.899991 0.431837
1317386468.479254 82.631858 159.101028 -7.646577 0.003033 0.057998 0.899885 0.432243
1317386468.583125 82.035229 159.840561 -7.671554 0.002126 0.056211 0.899697 0.432875
1317386468.686883 81.423293 160.589559 -7.694592 0.002230 0.056898 0.899614 0.432958
1317386468.790757 80.825080 161.326140 -7.725969 0.001432 0.055645 0.899449 0.433467
1317386468.894624 80.235657 162.047565 -7.753703 0.001603 0.056468 0.899408 0.433445
1317386468.998372 79.666285 162.762984 -7.785726 0.002014 0.056317 0.899155 0.433987
1317386469.102272 79.078650 163.487525 -7.820814 0.002635 0.055359 0.899264 0.433882
1317386469.206117 78.506223 164.214351 -7.856074 0.002663 0.055189 0.899148 0.434142
1317386469.309868 77.927224 164.936998 -7.879817 0.002632 0.056385 0.898862 0.434580
1317386469.413754 77.358550 165.648511 -7.900938 0.002663 0.058246 0.898609 0.434858
1317386469.517617 76.794973 166.359711 -7.922084 0.003094 0.057791 0.898525 0.435091
1317386469.621504 76.228157 167.078878 -7.951681 0.004737 0.056886 0.898580 0.435082
1317386469.725379 75.656244 167.792098 -7.995872 0.006723 0.057054 0.898286 0.435640
1317386469.829129 75.092381 168.483571 -8.024231 0.005889 0.056283 0.898194 0.435942
1317386469.932998 74.537379 169.173394 -8.032957 0.004003 0.055457 0.898157 0.436146
1317386470.036878 73.992316 169.856299 -8.042660 0.004159 0.056136 0.898193 0.435982
1317386470.140640 73.445024 170.546594 -8.065193 0.004351 0.055555 0.898287 0.435861
1317386470.244512 72.898826 171.229770 -8.098123 0.004983 0.055892 0.898144 0.436105
1317386470.348385 72.358159 171.909174 -8.125427 0.004508 0.055718 0.898179 0.436062
1317386470.452139 71.828059 172.569641 -8.141547 0.004283 0.055387 0.898241 0.435977
1317386470.556008 71.318053 173.221409 -8.154341 0.003929 0.055130 0.898207 0.436084
1317386470.659877 70.836188 173.837958 -8.167968 0.003837 0.055580 0.898166 0.436112
1317386470.763629 70.350178 174.440424 -8.187748 0.003446 0.056344 0.898146 0.436058
1317386470.867500 69.850103 175.052110 -8.208088 0.001957 0.056812 0.898257 0.435779
1317386470.971383 69.364216 175.669890 -8.223343 0.001435 0.058321 0.898175 0.435751
1317386471.075247 68.886138 176.273501 -8.240725 0.001013 0.059274 0.898320 0.435324
1317386471.178996 68.407191 176.863126 -8.264330 0.001239 0.060341 0.898371 0.435070
1317386471.282916 67.947836 177.437921 -8.292751 0.001606 0.061371 0.898404 0.434857
1317386471.386755 67.491571 177.987482 -8.315645 0.001630 0.061418 0.898844 0.433942
1317386471.490759 67.058319 178.525853 -8.332051 0.001736 0.062037 0.898898 0.433741
1317386471.594507 66.633842 179.078097 -8.349840 0.002660 0.062730 0.899362 0.432672
1317386471.698374 66.217078 179.603456 -8.373885 0.004293 0.063693 0.900271 0.430624
1317386471.802251 65.786545 180.117302 -8.404311 0.005240 0.064779 0.901553 0.427759
1317386471.906005 65.359268 180.615252 -8.426721 0.006276 0.066394 0.903639 0.423072
1317386472.009752 64.947009 181.108520 -8.440387 0.006669 0.067052 0.906154 0.417545
1317386472.113497 64.540824 181.577537 -8.447091 0.007046 0.068352 0.908870 0.411380
1317386472.217250 64.132329 182.040636 -8.462866 0.007159 0.069123 0.912120 0.403991
1317386472.321009 63.719237 182.482215 -8.479890 0.008530 0.071013 0.915829 0.395148
1317386472.424626 63.295348 182.917987 -8.499021 0.010027 0.072884 0.919967 0.385030
1317386472.528252 62.890873 183.326683 -8.516203 0.010574 0.073948 0.924931 0.372723
1317386472.631886 62.495205 183.716913 -8.534237 0.009909 0.072793 0.930067 0.359969
1317386472.735641 62.085366 184.087618 -8.537822 0.008828 0.071095 0.935717 0.345401
1317386472.839253 61.671767 184.435565 -8.536225 0.008183 0.069687 0.941415 0.329870
1317386472.942881 61.246175 184.747826 -8.538607 0.007802 0.068130 0.947338 0.312807
1317386473.046506 60.816045 185.056003 -8.542226 0.007939 0.068162 0.953708 0.292801
1317386473.150133 60.404170 185.326021 -8.554214 0.007779 0.067468 0.959945 0.271833
1317386473.253755 59.990397 185.576730 -8.557211 0.008077 0.063518 0.966210 0.249675
1317386473.357508 59.546763 185.802737 -8.560172 0.008670 0.057255 0.972295 0.226469
1317386473.461255 59.077439 186.031349 -8.551362 0.009681 0.051375 0.977674 0.203522
1317386473.564884 58.632386 186.223689 -8.545064 0.011165 0.047325 0.982468 0.179977
1317386473.668630 58.196749 186.385770 -8.540095 0.013676 0.045350 0.986574 0.156295
1317386473.772384 57.750155 186.501583 -8.537236 0.014313 0.045337 0.990298 0.130578
1317386473.876132 57.287592 186.625945 -8.527749 0.014284 0.044538 0.993363 0.105083
1317386473.979886 56.822733 186.710538 -8.521896 0.013158 0.042249 0.995769 0.080532
1317386474.083754 56.348757 186.761953 -8.504545 0.010002 0.035533 0.997878 0.053638
1317386474.187506 55.880503 186.791333 -8.468584 0.008395 0.031089 0.999076 0.028476
1317386474.291250 55.413570 186.808803 -8.447488 0.009915 0.033021 0.999405 0.001275
1317386474.395123 54.943129 186.838176 -8.435488 0.012318 0.038438 0.998870 -0.025077
1317386474.498882 54.505326 186.828722 -8.428437 0.013939 0.039926 0.997829 -0.050481
1317386474.602748 54.081969 186.764247 -8.406792 0.015300 0.040577 0.996190 -0.075658
1317386474.706620 53.654958 186.683495 -8.384060 0.016763 0.038852 0.993935 -0.101506
1317386474.810373 53.240495 186.584764 -8.369153 0.018206 0.038610 0.991089 -0.126177
1317386474.914246 52.799914 186.486799 -8.349974 0.019032 0.039587 0.987300 -0.152677
1317386475.018122 52.360491 186.386183 -8.335566 0.019387 0.042567 0.983185 -0.176518
1317386475.122121 51.925422 186.237099 -8.316283 0.019255 0.039378 0.979135 -0.198425
1317386475.226122 51.508562 186.056871 -8.280309 0.017339 0.035254 0.974888 -0.219203
1317386475.330122 51.072525 185.858029 -8.237821 0.015478 0.035178 0.970622 -0.237519
1317386475.434373 50.641701 185.647328 -8.204645 0.013667 0.037149 0.966414 -0.253924
1317386475.538496 50.223574 185.431793 -8.182411 0.013403 0.037522 0.962586 -0.268032
1317386475.642748 49.824239 185.218426 -8.158086 0.013947 0.035860 0.959019 -0.280717
1317386475.747000 49.408115 184.959999 -8.127245 0.013871 0.035459 0.956374 -0.289652
1317386475.851250 49.005012 184.676427 -8.094323 0.014423 0.034790 0.953758 -0.298208
1317386475.955626 48.608095 184.380013 -8.061365 0.014631 0.034319 0.952052 -0.303654
1317386476.060000 48.219424 184.095866 -8.034624 0.015397 0.033318 0.950677 -0.308004
1317386476.164379 47.839213 183.792117 -8.009589 0.016439 0.032808 0.949822 -0.310631
1317386476.268625 47.441292 183.495352 -7.990752 0.017773 0.032839 0.948582 -0.314322
1317386476.373001 47.015342 183.185598 -7.963324 0.017861 0.033132 0.947809 -0.316609
1317386476.477248 46.583401 182.869728 -7.923973 0.017502 0.035577 0.947243 -0.318055
1317386476.581627 46.135653 182.531364 -7.885320 0.018182 0.034798 0.946494 -0.320323
1317386476.685874 45.707295 182.185794 -7.853213 0.019220 0.033534 0.946166 -0.321366
1317386476.790126 45.242915 181.839279 -7.819676 0.020341 0.030744 0.945923 -0.322289
1317386476.894375 44.777106 181.469914 -7.783361 0.019444 0.031398 0.946215 -0.321425
1317386476.998499 44.295292 181.102177 -7.742989 0.018364 0.034356 0.945968 -0.321911
1317386477.102748 43.804874 180.714110 -7.702907 0.018343 0.035246 0.946230 -0.321046
1317386477.206873 43.306059 180.322814 -7.660851 0.020021 0.033843 0.946283 -0.320939
1317386477.311000 42.782561 179.916039 -7.627076 0.023914 0.034263 0.946218 -0.320820
1317386477.415137 42.264567 179.516486 -7.603947 0.026808 0.035998 0.946186 -0.320494
1317386477.519251 41.728423 179.105581 -7.561533 0.026731 0.036386 0.946409 -0.319799
1317386477.623249 41.169945 178.686577 -7.504514 0.026416 0.032518 0.946454 -0.320109
1317386477.727374 40.587315 178.236957 -7.441089 0.025754 0.029802 0.946743 -0.319571
1317386477.831374 39.997022 177.772935 -7.380964 0.025767 0.025026 0.946867 -0.319613
1317386477.935374 39.399058 177.301462 -7.330180 0.025618 0.025668 0.946781 -0.319830
1317386478.039499 38.781668 176.829070 -7.286999 0.024493 0.024203 0.946823 -0.319906
1317386478.143502 38.147847 176.346221 -7.240862 0.022637 0.024204 0.946887 -0.319854
1317386478.247498 37.494322 175.841120 -7.187480 0.022157 0.021582 0.947093 -0.319466
1317386478.351499 36.825897 175.312463 -7.125857 0.022957 0.021137 0.947027 -0.319634
1317386478.455499 36.149428 174.800415 -7.077995 0.024834 0.022534 0.946684 -0.320413
1317386478.559500 35.473026 174.286501 -7.042277 0.025298 0.023364 0.946549 -0.320717
1317386478.663500 34.799327 173.765083 -6.992870 0.022017 0.022965 0.946780 -0.320305
1317386478.767498 34.115807 173.238553 -6.916693 0.019439 0.023689 0.946873 -0.320143
1317386478.871500 33.425584 172.715100 -6.854753 0.019117 0.025263 0.946678 -0.320619
1317386478.975503 32.697250 172.152313 -6.805680 0.020396 0.027563 0.946567 -0.320679
1317386479.079500 31.971380 171.585596 -6.770259 0.022298 0.031709 0.946406 -0.320644
1317386479.183375 31.242474 171.033584 -6.726614 0.023476 0.032282 0.946417 -0.320471
1317386479.287374 30.510656 170.473984 -6.666512 0.023709 0.032594 0.946595 -0.319897
1317386479.391375 29.777215 169.905196 -6.588218 0.022719 0.030058 0.946789 -0.319643
1317386479.495250 29.036796 169.338117 -6.512009 0.021897 0.027952 0.946874 -0.319639
1317386479.599250 28.297348 168.774286 -6.440730 0.020062 0.026791 0.947209 -0.318865
1317386479.703124 27.545903 168.208495 -6.369903 0.018567 0.028869 0.947134 -0.318997
1317386479.807126 26.809650 167.655523 -6.314693 0.017338 0.032160 0.947108 -0.318827
1317386479.911000 26.055833 167.087306 -6.267031 0.015596 0.033834 0.947067 -0.318866
1317386480.015001 25.316523 166.523459 -6.204780 0.011936 0.034261 0.947131 -0.318788
1317386480.118875 24.562714 165.945914 -6.139806 0.009149 0.033135 0.947063 -0.319202
1317386480.222750 23.815711 165.384297 -6.074770 0.007455 0.036716 0.946980 -0.319101
1317386480.326752 23.082743 164.823855 -6.026470 0.011077 0.037884 0.947105 -0.318487
1317386480.430636 22.343312 164.254467 -5.996963 0.016063 0.040517 0.946957 -0.318390
1317386480.534512 21.594673 163.683559 -5.952916 0.018600 0.040278 0.947180 -0.317619
1317386480.638387 20.858927 163.135446 -5.884587 0.017267 0.038833 0.947309 -0.317490
1317386480.742250 20.137172 162.600499 -5.803831 0.016206 0.036042 0.947657 -0.316835
1317386480.846129 19.412391 162.051726 -5.731129 0.014209 0.037386 0.947680 -0.316705
1317386480.950005 18.669964 161.483014 -5.674919 0.014589 0.036199 0.948135 -0.315463
1317386481.054019 17.935815 160.917241 -5.624056 0.015034 0.035665 0.949194 -0.312302
1317386481.158004 17.206341 160.373733 -5.569751 0.014997 0.033740 0.950630 -0.308122
1317386481.262002 16.475580 159.852673 -5.508290 0.015405 0.033986 0.952212 -0.303149
1317386481.366006 15.747111 159.340683 -5.451127 0.014746 0.035372 0.954502 -0.295732
1317386481.470177 15.009216 158.841748 -5.396306 0.013333 0.036611 0.957045 -0.287308
1317386481.574252 14.265352 158.353163 -5.342731 0.010739 0.037131 0.959927 -0.277571
1317386481.678375 13.496754 157.871884 -5.281477 0.009412 0.038340 0.963269 -0.265621
1317386481.782508 12.711862 157.401273 -5.233210 0.008799 0.040843 0.967032 -0.251205
1317386481.886767 11.922349 156.977929 -5.197079 0.008339 0.043223 0.970681 -0.236305
1317386481.991004 11.131725 156.577387 -5.163119 0.007147 0.045446 0.974544 -0.219425
1317386482.095263 10.355288 156.197320 -5.106800 0.006523 0.046241 0.978061 -0.203019
1317386482.199376 9.579478 155.846081 -5.067237 0.009609 0.050908 0.980981 -0.187063
1317386482.303638 8.806797 155.532390 -5.051736 0.014641 0.053252 0.983820 -0.170434
1317386482.407763 8.013262 155.233022 -5.035241 0.018444 0.053233 0.986457 -0.154044
1317386482.511921 7.212508 154.979855 -4.988462 0.019328 0.049360 0.988991 -0.138156
1317386482.615891 6.395585 154.745997 -4.898771 0.018519 0.046731 0.991027 -0.123847
1317386482.719881 5.566087 154.530499 -4.822930 0.018494 0.047668 0.992558 -0.110520
1317386482.823768 4.735041 154.340911 -4.785535 0.019897 0.049432 0.993563 -0.099969
1317386482.927629 3.901013 154.182023 -4.775515 0.019867 0.050982 0.994381 -0.090618
1317386483.031502 3.047842 154.040633 -4.722405 0.016418 0.047787 0.995428 -0.081049
1317386483.135383 2.161408 153.897684 -4.642367 0.014108 0.047134 0.996172 -0.072260
1317386483.239257 1.274650 153.760942 -4.594398 0.014060 0.047790 0.996715 -0.063849
1317386483.343131 0.382781 153.634130 -4.580057 0.015919 0.048430 0.997151 -0.055590
1317386483.446892 -0.511704 153.527978 -4.558565 0.018254 0.049782 0.997406 -0.048687
1317386483.550630 -1.409323 153.440932 -4.519396 0.017634 0.051912 0.997560 -0.043234
1317386483.654389 -2.337343 153.380339 -4.457455 0.013214 0.054165 0.997637 -0.040141
1317386483.758131 -3.276977 153.306561 -4.386850 0.006711 0.053989 0.997749 -0.039198
1317386483.861772 -4.236028 153.216112 -4.366180 0.004888 0.054588 0.997755 -0.038482
1317386483.965511 -5.191367 153.121385 -4.377258 0.007050 0.054528 0.997753 -0.038299
1317386484.069259 -6.161088 153.044870 -4.382971 0.009445 0.053493 0.997820 -0.037466
1317386484.172881 -7.132990 152.970404 -4.357042 0.011111 0.049301 0.998030 -0.037173
1317386484.276761 -8.127230 152.893351 -4.307099 0.011371 0.045373 0.998207 -0.037343
1317386484.380423 -9.121119 152.804083 -4.256833 0.010177 0.044086 0.998258 -0.037874
1317386484.484143 -10.122588 152.722208 -4.224533 0.009129 0.043181 0.998280 -0.038582
1317386484.588007 -11.126094 152.636582 -4.207576 0.008884 0.043553 0.998270 -0.038499
1317386484.691765 -12.132237 152.552165 -4.189346 0.009156 0.043604 0.998221 -0.039630
1317386484.795514 -13.155908 152.463293 -4.152271 0.010093 0.042400 0.998247 -0.040052
1317386484.899390 -14.186813 152.381399 -4.111321 0.010907 0.040995 0.998276 -0.040573
1317386485.003139 -15.222924 152.302433 -4.072307 0.012015 0.039517 0.998313 -0.040801
1317386485.107015 -16.269271 152.219294 -4.039860 0.011593 0.037662 0.998425 -0.039933
1317386485.210755 -17.309556 152.127074 -4.003279 0.011272 0.036858 0.998490 -0.039146
1317386485.314633 -18.351438 152.042064 -3.959066 0.010750 0.036429 0.998536 -0.038525
1317386485.418402 -19.403519 151.952760 -3.918911 0.010688 0.036054 0.998579 -0.037768
1317386485.522259 -20.454137 151.870137 -3.884002 0.010029 0.035384 0.998622 -0.037432
1317386485.626018 -21.495652 151.782685 -3.843706 0.008996 0.035312 0.998661 -0.036721
1317386485.729755 -22.525109 151.699019 -3.802507 0.007586 0.034544 0.998703 -0.036618
1317386485.833523 -23.556249 151.619728 -3.773564 0.007404 0.034297 0.998741 -0.035860
1317386485.937391 -24.617163 151.546638 -3.749276 0.009083 0.033538 0.998765 -0.035504
1317386486.041140 -25.667934 151.465232 -3.721761 0.010192 0.034561 0.998744 -0.034824
1317386486.144897 -26.721186 151.380446 -3.679425 0.010095 0.033862 0.998784 -0.034366
1317386486.248760 -27.780714 151.303746 -3.636745 0.009529 0.033514 0.998837 -0.033332
1317386486.352523 -28.828970 151.231491 -3.599650 0.008770 0.031644 0.998938 -0.032324
1317386486.456385 -29.868067 151.161809 -3.569472 0.008229 0.031554 0.998995 -0.030754
1317386486.560270 -30.909341 151.091242 -3.544542 0.008867 0.030063 0.999082 -0.029202
1317386486.664009 -31.953361 151.030195 -3.511867 0.009510 0.029790 0.999134 -0.027447
1317386486.767884 -32.971666 150.967005 -3.477942 0.009004 0.028222 0.999212 -0.026404
1317386486.871631 -33.988965 150.913044 -3.446096 0.008302 0.027449 0.999283 -0.024732
1317386486.975510 -35.020304 150.850483 -3.416136 0.007267 0.026451 0.999355 -0.023161
1317386487.079267 -36.052455 150.799062 -3.391154 0.007065 0.027076 0.999359 -0.022348
1317386487.183143 -37.076652 150.749255 -3.369824 0.007798 0.025422 0.999418 -0.021364
1317386487.286886 -38.097615 150.702230 -3.340032 0.008082 0.025258 0.999446 -0.020128
1317386487.390760 -39.122090 150.668211 -3.315198 0.008820 0.022119 0.999532 -0.019181
1317386487.494508 -40.113736 150.633445 -3.292730 0.007838 0.017804 0.999637 -0.018659
1317386487.598384 -41.094366 150.588041 -3.259061 0.008113 0.018830 0.999622 -0.018297
1317386487.702253 -42.097659 150.530345 -3.219616 0.009344 0.022724 0.999533 -0.018187
1317386487.806134 -43.115576 150.478351 -3.186108 0.011554 0.022286 0.999525 -0.017860
1317386487.910063 -44.139945 150.431387 -3.151337 0.012166 0.022331 0.999516 -0.017931
1317386488.013758 -45.138963 150.399344 -3.104758 0.011411 0.023541 0.999492 -0.018204
1317386488.117636 -46.131309 150.362281 -3.066930 0.010880 0.024791 0.999455 -0.018868
1317386488.221509 -47.107826 150.316031 -3.032018 0.010392 0.024156 0.999475 -0.018926
1317386488.325258 -48.089791 150.280210 -2.999987 0.009689 0.025445 0.999431 -0.019905
1317386488.429131 -49.052813 150.247702 -2.967735 0.009612 0.025740 0.999419 -0.020191
1317386488.533006 -50.032284 150.208942 -2.925854 0.008878 0.025628 0.999422 -0.020509
1317386488.636883 -51.009775 150.156894 -2.886255 0.009344 0.026043 0.999396 -0.021015
1317386488.740759 -51.966682 150.107143 -2.853723 0.010126 0.027273 0.999334 -0.022042
1317386488.844518 -52.935246 150.051601 -2.825483 0.010600 0.028920 0.999255 -0.023256
1317386488.948382 -53.904213 149.997651 -2.791942 0.010840 0.028673 0.999220 -0.024885
1317386489.052131 -54.855346 149.946875 -2.752339 0.011346 0.029368 0.999168 -0.025912
1317386489.156018 -55.803972 149.893241 -2.716330 0.011833 0.027179 0.999189 -0.027244
1317386489.259886 -56.742137 149.833962 -2.682960 0.011802 0.028092 0.999148 -0.027819
1317386489.363894 -57.682657 149.777094 -2.651188 0.010746 0.026876 0.999189 -0.027991
1317386489.467756 -58.612911 149.714839 -2.618529 0.009568 0.026966 0.999203 -0.027821
1317386489.571786 -59.531248 149.653495 -2.576527 0.008617 0.025931 0.999252 -0.027352
1317386489.675769 -60.437324 149.598598 -2.532709 0.008237 0.025649 0.999282 -0.026632
1317386489.779758 -61.328509 149.547948 -2.499217 0.008414 0.025386 0.999314 -0.025604
1317386489.883757 -62.191281 149.495888 -2.474191 0.008151 0.025278 0.999359 -0.023999
1317386489.987756 -63.034074 149.450235 -2.448483 0.007874 0.026246 0.999400 -0.021197
1317386490.091765 -63.876580 149.406101 -2.417919 0.007892 0.026012 0.999476 -0.017558
1317386490.195894 -64.705981 149.371978 -2.393080 0.007826 0.027264 0.999506 -0.013549
1317386490.299891 -65.497555 149.353401 -2.371224 0.007045 0.028314 0.999527 -0.009768
1317386490.403896 -66.252638 149.347857 -2.341126 0.006607 0.030225 0.999504 -0.005920
1317386490.507881 -66.968862 149.341107 -2.312746 0.006193 0.032365 0.999455 -0.001861
1317386490.611770 -67.675704 149.335678 -2.288746 0.005732 0.032088 0.999466 0.002084
1317386490.715769 -68.362789 149.326756 -2.272975 0.005649 0.033247 0.999418 0.005104
1317386490.819778 -69.040557 149.336942 -2.254851 0.005802 0.034145 0.999367 0.008176
1317386490.923760 -69.687893 149.353708 -2.232224 0.005901 0.034291 0.999331 0.011249
1317386491.027761 -70.307654 149.373192 -2.209314 0.005919 0.034961 0.999274 0.013909
1317386491.131635 -70.910364 149.387990 -2.193865 0.006433 0.036047 0.999193 0.016492
1317386491.235643 -71.468284 149.404561 -2.179153 0.005802 0.036137 0.999153 0.018813
1317386491.339644 -72.008342 149.425505 -2.156053 0.004305 0.036341 0.999106 0.021147
1317386491.443644 -72.507371 149.446191 -2.136639 0.003399 0.035721 0.999094 0.022878
1317386491.547519 -72.974856 149.472430 -2.123801 0.003102 0.036527 0.999023 0.024669
1317386491.651519 -73.400934 149.493565 -2.114209 0.003003 0.037595 0.998956 0.025790
1317386491.755512 -73.783278 149.518522 -2.105345 0.002841 0.039318 0.998862 0.026849
1317386491.859397 -74.124789 149.532034 -2.098749 0.002467 0.040030 0.998823 0.027295
1317386491.963384 -74.445538 149.551374 -2.086588 0.001778 0.039710 0.998836 0.027334
1317386492.067264 -74.736779 149.564480 -2.075748 0.001434 0.039393 0.998857 0.027046
1317386492.171143 -74.999827 149.568931 -2.065149 0.001498 0.038589 0.998900 0.026587
1317386492.275147 -75.233538 149.578889 -2.063884 0.002067 0.038044 0.998942 0.025750
1317386492.379013 -75.453360 149.597748 -2.060193 0.002179 0.036908 0.999013 0.024613
1317386492.482887 -75.657464 149.610367 -2.054666 0.002761 0.036310 0.999068 0.023193
1317386492.586892 -75.861081 149.622955 -2.054349 0.004094 0.036729 0.999076 0.021933
1317386492.690896 -76.057997 149.635118 -2.054202 0.005324 0.036720 0.999096 0.020765
1317386492.794899 -76.258066 149.639862 -2.049593 0.005503 0.037135 0.999111 0.019184
1317386492.898774 -76.439570 149.644925 -2.046398 0.004682 0.037091 0.999135 0.018226
1317386493.002770 -76.600488 149.644395 -2.041103 0.004233 0.035863 0.999206 0.016817
1317386493.106638 -76.750706 149.648298 -2.036943 0.004426 0.035073 0.999254 0.015521
1317386493.210634 -76.895493 149.654646 -2.034627 0.005033 0.035399 0.999268 0.013579
1317386493.314511 -77.028203 149.658451 -2.037979 0.005480 0.035998 0.999273 0.011282
1317386493.418512 -77.151451 149.660805 -2.039296 0.005789 0.036236 0.999289 0.008672
1317386493.522428 -77.269955 149.659881 -2.035935 0.005695 0.035627 0.999335 0.005271
1317386493.626262 -77.383568 149.655167 -2.034826 0.005614 0.034594 0.999384 0.001558
1317386493.730263 -77.495743 149.655771 -2.028571 0.005690 0.033158 0.999431 -0.002594
1317386493.834260 -77.600423 149.656727 -2.022581 0.005392 0.032486 0.999438 -0.006275
1317386493.938136 -77.686806 149.657688 -2.021411 0.005021 0.031767 0.999438 -0.009439
1317386494.042262 -77.750951 149.662667 -2.022823 0.004990 0.031190 0.999430 -0.011889
1317386494.146277 -77.788656 149.655694 -2.019032 0.005379 0.031623 0.999391 -0.013755
1317386494.250289 -77.809188 149.648876 -2.019416 0.005647 0.031267 0.999375 -0.015483
1317386494.354400 -77.838042 149.647795 -2.018085 0.005642 0.031273 0.999358 -0.016575
1317386494.458396 -77.859880 149.655656 -2.018186 0.005902 0.031279 0.999338 -0.017590
1317386494.562415 -77.870302 149.662262 -2.018434 0.005866 0.030778 0.999347 -0.017973
1317386494.666514 -77.870407 149.662432 -2.017441 0.005854 0.030880 0.999346 -0.017874
1317386494.770517 -77.864262 149.658654 -2.013226 0.006039 0.031226 0.999336 -0.017792
1317386494.874514 -77.859794 149.656092 -2.014294 0.006765 0.031670 0.999316 -0.017840
1317386494.978635 -77.864417 149.654974 -2.014974 0.007104 0.031455 0.999322 -0.017772
1317386495.082644 -77.868276 149.652140 -2.016735 0.006910 0.031174 0.999331 -0.017822
1317386495.186648 -77.864246 149.653482 -2.014755 0.006915 0.031288 0.999327 -0.017870
1317386495.290640 -77.863578 149.651911 -2.014463 0.007068 0.031345 0.999324 -0.017840
1317386495.394796 -77.864700 149.654234 -2.015649 0.006774 0.031319 0.999326 -0.017894
1317386495.498774 -77.867699 149.657231 -2.018004 0.006899 0.031408 0.999323 -0.017852
1317386495.602776 -77.866532 149.658427 -2.018043 0.006866 0.031424 0.999323 -0.017866
1317386495.706764 -77.864943 149.655516 -2.017115 0.006878 0.031217 0.999327 -0.018001
1317386495.810760 -77.871034 149.650767 -2.016611 0.006818 0.031421 0.999322 -0.017955
1317386495.914761 -77.875329 149.652444 -2.019398 0.006917 0.031271 0.999326 -0.017946
1317386496.018772 -77.869594 149.657925 -2.021177 0.006897 0.031253 0.999325 -0.018044
1317386496.122797 -77.861713 149.661404 -2.017563 0.006876 0.031490 0.999317 -0.018095
1317386496.226899 -77.859328 149.662609 -2.016867 0.006783 0.031417 0.999318 -0.018170
1317386496.330884 -77.858271 149.656010 -2.017356 0.006827 0.031560 0.999313 -0.018171
1317386496.434909 -77.863265 149.652132 -2.017265 0.006885 0.031519 0.999312 -0.018290
1317386496.538886 -77.866168 149.652748 -2.018024 0.006830 0.031437 0.999312 -0.018438
1317386496.643023 -77.864891 149.656166 -2.018046 0.006951 0.031567 0.999305 -0.018567
1317386496.747024 -77.861726 149.661143 -2.015607 0.006991 0.031790 0.999294 -0.018747
1317386496.851024 -77.860294 149.662841 -2.016387 0.007113 0.031867 0.999289 -0.018848
1317386496.955146 -77.860205 149.658855 -2.015347 0.006950 0.032121 0.999276 -0.019157
1317386497.059140 -77.861591 149.654800 -2.013913 0.006936 0.032185 0.999271 -0.019315
1317386497.163139 -77.864100 149.655117 -2.014896 0.006962 0.032092 0.999273 -0.019350
1317386497.267266 -77.860197 149.659342 -2.014495 0.006859 0.032075 0.999275 -0.019351
1317386497.371288 -77.859391 149.659694 -2.015450 0.006899 0.032086 0.999273 -0.019380
1317386497.475274 -77.860254 149.659547 -2.015460 0.006873 0.032201 0.999266 -0.019558
1317386497.579394 -77.860132 149.657898 -2.014859 0.006932 0.032202 0.999265 -0.019588
1317386497.683427 -77.861533 149.658217 -2.014279 0.006902 0.032169 0.999264 -0.019724
1317386497.787393 -77.863649 149.658068 -2.014360 0.006862 0.032160 0.999262 -0.019842
1317386497.891403 -77.859333 149.660502 -2.014678 0.006854 0.032264 0.999259 -0.019827
1317386497.995526 -77.860562 149.662813 -2.015549 0.006848 0.032235 0.999259 -0.019868
1317386498.099517 -77.860130 149.661712 -2.015119 0.006836 0.032109 0.999264 -0.019859
1317386498.203525 -77.858543 149.659826 -2.015208 0.006914 0.032313 0.999256 -0.019892
1317386498.307517 -77.860509 149.655537 -2.015190 0.006997 0.032275 0.999254 -0.020000
1317386498.411534 -77.859123 149.655201 -2.014245 0.006820 0.032542 0.999245 -0.020099
1317386498.515525 -77.856454 149.658414 -2.014549 0.006870 0.032417 0.999245 -0.020270
1317386498.619639 -77.858390 149.657333 -2.015644 0.006862 0.032572 0.999242 -0.020175
1317386498.723645 -77.858190 149.657058 -2.015541 0.006898 0.032553 0.999240 -0.020319
1317386498.827659 -77.859726 149.657492 -2.015853 0.006942 0.032493 0.999242 -0.020279
1317386498.931650 -77.859156 149.658618 -2.015719 0.006928 0.032503 0.999241 -0.020314
1317386499.035771 -77.859522 149.656852 -2.015441 0.006797 0.032583 0.999240 -0.020283
1317386499.139772 -77.858795 149.656934 -2.015891 0.006829 0.032556 0.999240 -0.020332
1317386499.243889 -77.857713 149.657992 -2.018027 0.006816 0.032629 0.999238 -0.020296
1317386499.347885 -77.860141 149.657446 -2.019783 0.006777 0.032686 0.999237 -0.020293
1317386499.451899 -77.859356 149.659892 -2.020478 0.006833 0.032684 0.999237 -0.020272
1317386499.555898 -77.862183 149.659604 -2.017533 0.006776 0.032511 0.999242 -0.020314
1317386499.660015 -77.862308 149.659682 -2.015809 0.006822 0.032526 0.999241 -0.020334
1317386499.764027 -77.862156 149.658628 -2.014859 0.006782 0.032488 0.999244 -0.020246
1317386499.868025 -77.860142 149.658591 -2.016817 0.006804 0.032570 0.999241 -0.020276
1317386499.972137 -77.861245 149.657883 -2.017369 0.006807 0.032515 0.999242 -0.020289
1317386500.076156 -77.858574 149.658077 -2.014660 0.006841 0.032398 0.999243 -0.020426
1317386500.180143 -77.856652 149.659569 -2.014276 0.007070 0.032293 0.999218 -0.021708
1317386500.284145 -77.867524 149.661519 -2.015438 0.007194 0.032055 0.999201 -0.022755
1317386500.388149 -77.881250 149.656152 -2.015971 0.007303 0.031622 0.999184 -0.024060
1317386500.492153 -77.894482 149.651443 -2.014832 0.007307 0.031648 0.999121 -0.026509
1317386500.596146 -77.912948 149.646241 -2.014565 0.007414 0.031835 0.999034 -0.029368
1317386500.700140 -77.940073 149.647480 -2.015546 0.007433 0.031422 0.998948 -0.032565
1317386500.804152 -77.969430 149.648160 -2.014003 0.007501 0.030909 0.998831 -0.036407
1317386500.908026 -77.999112 149.645546 -2.011687 0.007536 0.031010 0.998652 -0.040930
1317386501.012023 -78.027358 149.638652 -2.011617 0.007530 0.030732 0.998446 -0.045868
1317386501.115914 -78.064535 149.632320 -2.010174 0.007429 0.030502 0.998201 -0.051087
1317386501.219899 -78.109407 149.624591 -2.009999 0.007573 0.030286 0.997887 -0.056982
1317386501.323769 -78.154201 149.620638 -2.008522 0.007807 0.030157 0.997491 -0.063565
1317386501.427646 -78.204930 149.608702 -2.005583 0.008275 0.029948 0.997018 -0.070632
1317386501.531644 -78.263242 149.600882 -2.004282 0.008975 0.029534 0.996424 -0.078660
1317386501.635409 -78.338233 149.594336 -2.009209 0.010370 0.028713 0.995724 -0.087185
1317386501.739269 -78.431062 149.570873 -2.009659 0.011046 0.027776 0.994912 -0.096213
1317386501.843188 -78.546782 149.543431 -2.007072 0.011258 0.027047 0.994003 -0.105356
1317386501.947017 -78.674853 149.518152 -2.000170 0.010505 0.027319 0.992935 -0.114994
1317386502.050769 -78.810660 149.493110 -1.994662 0.010058 0.027995 0.991672 -0.125311
1317386502.154643 -78.956745 149.457644 -1.994333 0.009239 0.027574 0.990160 -0.136886
1317386502.258396 -79.121503 149.408491 -1.988949 0.008349 0.026148 0.988486 -0.148804
1317386502.362151 -79.300848 149.348172 -1.974941 0.007152 0.025597 0.986560 -0.161223
1317386502.466018 -79.479421 149.289949 -1.967077 0.006839 0.026242 0.984333 -0.174219
1317386502.569767 -79.663007 149.232333 -1.958771 0.005769 0.026508 0.981782 -0.188065
1317386502.673395 -79.847041 149.166601 -1.948184 0.004206 0.026765 0.978763 -0.203198
1317386502.777146 -80.038141 149.074804 -1.937728 0.003144 0.026649 0.975187 -0.219749
1317386502.880779 -80.241887 148.966493 -1.928215 0.003302 0.026727 0.970987 -0.237611
1317386502.984538 -80.454443 148.832749 -1.924568 0.004380 0.026029 0.965779 -0.258020
1317386503.088147 -80.679763 148.678210 -1.916775 0.005656 0.024119 0.959785 -0.279640
1317386503.191766 -80.937594 148.510136 -1.904552 0.007240 0.022812 0.952717 -0.302914
1317386503.295402 -81.208991 148.321785 -1.883856 0.007809 0.024022 0.944425 -0.327756
1317386503.399030 -81.498914 148.092426 -1.881355 0.009282 0.026293 0.934637 -0.354509
1317386503.502771 -81.800177 147.819306 -1.882791 0.010367 0.026746 0.924680 -0.379663
1317386503.606527 -82.089211 147.512389 -1.878400 0.011201 0.025757 0.914235 -0.404210
1317386503.710270 -82.391525 147.156956 -1.851289 0.011041 0.025262 0.902833 -0.429107
1317386503.814184 -82.702796 146.785579 -1.824984 0.009765 0.025271 0.890686 -0.453811
1317386503.917895 -82.974663 146.387582 -1.809331 0.008857 0.023309 0.877910 -0.478175
1317386504.021770 -83.224992 145.964395 -1.788514 -0.006318 -0.022076 -0.864748 0.501681
1317386504.125653 -83.477225 145.498739 -1.760091 -0.003551 -0.021732 -0.850953 0.524780
1317386504.229406 -83.735943 144.993033 -1.739755 -0.000471 -0.022134 -0.835981 0.548311
1317386504.333279 -83.987749 144.450228 -1.721635 0.001691 -0.020960 -0.820581 0.571143
1317386504.437142 -84.207678 143.873497 -1.703108 0.003208 -0.019595 -0.805059 0.592862
1317386504.541146 -84.384630 143.275840 -1.686775 0.004588 -0.019180 -0.789245 0.613762
1317386504.645145 -84.548379 142.629574 -1.665186 0.005135 -0.020333 -0.774761 0.631907
1317386504.749274 -84.707920 141.953232 -1.649699 0.004627 -0.021693 -0.761642 0.647618
1317386504.853403 -84.837095 141.268544 -1.641413 0.003331 -0.020611 -0.750467 0.660579
1317386504.957641 -84.943234 140.587952 -1.634162 0.001871 -0.020428 -0.742339 0.669710
1317386505.062030 -85.014629 139.884179 -1.618159 0.000291 -0.020934 -0.735653 0.677035
1317386505.166399 -85.069571 139.124021 -1.596864 0.000431 -0.021556 -0.730456 0.682619
1317386505.270775 -85.100592 138.326964 -1.574903 0.000314 -0.021765 -0.725973 0.687378
1317386505.375149 -85.132593 137.512063 -1.541169 0.000416 -0.023266 -0.721314 0.692217
1317386505.479397 -85.168329 136.669027 -1.514678 -0.000317 -0.024900 -0.716290 0.697358
1317386505.583770 -85.194715 135.784694 -1.495195 -0.001638 -0.026145 -0.711180 0.702521
1317386505.688020 -85.207822 134.894186 -1.474921 -0.003175 -0.025836 -0.706624 0.707111
1317386505.792269 -85.206749 133.998258 -1.435949 -0.005078 -0.022852 -0.703343 0.710465
1317386505.896643 -85.194834 133.065479 -1.382491 -0.007061 -0.020607 -0.701449 0.712387
1317386506.000894 -85.173704 132.120872 -1.339766 -0.008386 -0.019518 -0.700892 0.712951
1317386506.105269 -85.150876 131.159709 -1.307538 -0.008776 -0.018703 -0.700741 0.713116
1317386506.209524 -85.124833 130.170971 -1.272718 -0.007414 -0.018949 -0.700545 0.713318
1317386506.313645 -85.098493 129.127102 -1.235358 -0.006707 -0.019111 -0.699573 0.714274
1317386506.417773 -85.070269 128.086912 -1.195250 -0.007073 -0.018929 -0.698117 0.715698
1317386506.521894 -85.041242 127.044544 -1.157297 -0.006544 -0.019410 -0.696454 0.717309
1317386506.626019 -85.005594 125.968704 -1.113590 -0.007037 -0.018931 -0.694716 0.719000
1317386506.730133 -84.954187 124.883382 -1.070124 -0.007180 -0.018639 -0.693200 0.720469
1317386506.834150 -84.907901 123.779867 -1.021331 -0.006287 -0.018053 -0.691455 0.722167
1317386506.938271 -84.865049 122.661867 -0.978466 -0.005548 -0.016399 -0.689704 0.723885
1317386507.042273 -84.811951 121.527100 -0.934755 -0.003830 -0.015346 -0.688184 0.725364
1317386507.146270 -84.747803 120.380021 -0.892505 -0.003377 -0.015694 -0.687321 0.726177
1317386507.250396 -84.664833 119.199319 -0.859396 -0.003264 -0.017315 -0.687415 0.726051
1317386507.354520 -84.591459 118.010777 -0.820634 -0.004619 -0.016781 -0.687849 0.725645
1317386507.458520 -84.523730 116.815774 -0.775621 -0.004086 -0.015867 -0.688332 0.725211
1317386507.562520 -84.463375 115.613958 -0.727513 -0.002637 -0.015018 -0.688726 0.724861
1317386507.666518 -84.396713 114.401354 -0.681793 -0.001129 -0.015282 -0.688980 0.724618
1317386507.770520 -84.332174 113.212582 -0.641479 -0.000452 -0.015406 -0.689192 0.724415
1317386507.874520 -84.266652 112.030422 -0.601460 0.000233 -0.016119 -0.689538 0.724070
1317386507.978520 -84.202836 110.858163 -0.562954 0.000694 -0.017373 -0.689723 0.723864
1317386508.082521 -84.135264 109.672422 -0.522591 0.000056 -0.018479 -0.689992 0.723581
1317386508.186520 -84.070547 108.486130 -0.484905 0.000002 -0.019166 -0.690062 0.723497
1317386508.290396 -84.011643 107.294478 -0.437334 -0.001182 -0.016539 -0.690311 0.723323
1317386508.394398 -83.955100 106.132191 -0.378320 0.000160 -0.015248 -0.690760 0.722923
1317386508.498402 -83.894911 104.942359 -0.327763 -0.000190 -0.015546 -0.690951 0.722734
1317386508.602404 -83.835973 103.756343 -0.292529 -0.000431 -0.017260 -0.691005 0.722643
1317386508.706274 -83.782867 102.575695 -0.260458 -0.000370 -0.018432 -0.691011 0.722610
1317386508.810272 -83.730844 101.413580 -0.216524 -0.001534 -0.016359 -0.691237 0.722441
1317386508.914273 -83.670416 100.239450 -0.171155 -0.001682 -0.013613 -0.691393 0.722349
1317386509.018271 -83.608769 99.077441 -0.123517 0.000152 -0.012580 -0.691608 0.722164
1317386509.122272 -83.545971 97.907963 -0.084563 -0.000583 -0.012182 -0.691923 0.721868
1317386509.226146 -83.488992 96.733664 -0.048920 -0.001010 -0.012941 -0.691908 0.721869
1317386509.330032 -83.433150 95.572551 -0.020620 -0.001419 -0.013707 -0.692021 0.721746
1317386509.434032 -83.381568 94.402835 0.017258 -0.001693 -0.012602 -0.692102 0.721687
1317386509.537896 -83.327661 93.248869 0.061438 -0.001112 -0.011984 -0.692217 0.721589
1317386509.641773 -83.274965 92.101760 0.107647 -0.000546 -0.012240 -0.692162 0.721638
1317386509.745661 -83.218889 90.963617 0.149770 -0.000498 -0.013415 -0.692225 0.721557
1317386509.849525 -83.168892 89.832608 0.184252 -0.000485 -0.015009 -0.692164 0.721584
1317386509.953407 -83.120072 88.691783 0.220638 0.000753 -0.015811 -0.691574 0.722132
1317386510.057276 -83.072257 87.557809 0.259294 0.001131 -0.015230 -0.690671 0.723008
1317386510.161034 -83.017902 86.415174 0.301465 0.001972 -0.015006 -0.689461 0.724164
1317386510.264906 -82.953989 85.296243 0.342292 0.002094 -0.014017 -0.688258 0.725327
1317386510.368647 -82.884744 84.173381 0.379742 0.001261 -0.013461 -0.687270 0.726276
1317386510.472432 -82.810268 83.055862 0.413531 0.000394 -0.014215 -0.686318 0.727162
1317386510.576274 -82.739666 81.927842 0.446008 -0.000018 -0.014407 -0.685295 0.728123
1317386510.680022 -82.669197 80.829111 0.484213 0.000550 -0.013516 -0.684557 0.728834
1317386510.783784 -82.597611 79.720635 0.525189 0.000524 -0.012784 -0.683946 0.729421
1317386510.887546 -82.523252 78.605806 0.558569 0.000780 -0.012699 -0.683477 0.729862
1317386510.991400 -82.442952 77.473047 0.592956 0.001603 -0.012441 -0.682980 0.730330
1317386511.095151 -82.358667 76.336528 0.628534 0.000662 -0.011072 -0.682565 0.730741
1317386511.199023 -82.273235 75.198030 0.662616 0.000323 -0.010485 -0.682653 0.730668
1317386511.302815 -82.193414 74.100334 0.693924 -0.000308 -0.010252 -0.682851 0.730486
1317386511.406660 -82.113332 73.016170 0.723688 -0.000554 -0.010296 -0.683415 0.729957
1317386511.510530 -82.039597 71.941707 0.755210 -0.000683 -0.010185 -0.684144 0.729275
1317386511.614398 -81.968693 70.862712 0.789326 0.000138 -0.010931 -0.684934 0.728523
1317386511.718273 -81.903283 69.771533 0.818616 0.001490 -0.013232 -0.685664 0.727796
1317386511.822153 -81.837960 68.701307 0.849255 0.001416 -0.014307 -0.686557 0.726934
1317386511.926027 -81.766175 67.617754 0.880592 0.002336 -0.014958 -0.687476 0.726049
1317386512.029905 -81.698910 66.530763 0.920151 0.002917 -0.013664 -0.688288 0.725303
1317386512.133777 -81.636138 65.458266 0.959112 0.003110 -0.012415 -0.689160 0.724496
1317386512.237642 -81.579703 64.386567 0.989513 0.003064 -0.012009 -0.690122 0.723586
1317386512.341537 -81.525927 63.305304 1.011450 0.002694 -0.012520 -0.690806 0.722927
1317386512.445412 -81.467591 62.215639 1.039503 0.001955 -0.013098 -0.691498 0.722257
1317386512.549287 -81.410685 61.123469 1.068235 0.001328 -0.014539 -0.692102 0.721652
1317386512.653158 -81.364721 60.051652 1.103651 0.000297 -0.015180 -0.692522 0.721237
1317386512.756909 -81.323761 58.982331 1.139847 0.000270 -0.015380 -0.692944 0.720827
1317386512.860835 -81.272964 57.921527 1.178853 0.000428 -0.014490 -0.693286 0.720517
1317386512.964652 -81.224316 56.853253 1.214110 0.001273 -0.013241 -0.693147 0.720674
1317386513.068540 -81.177950 55.785914 1.249833 0.001631 -0.011599 -0.693037 0.720807
1317386513.172276 -81.132313 54.721875 1.283823 0.000190 -0.009283 -0.692854 0.721018
1317386513.276027 -81.073631 53.649697 1.311504 -0.000794 -0.007941 -0.692749 0.721135
1317386513.379902 -81.020422 52.583582 1.336322 -0.002195 -0.007119 -0.692585 0.721298
1317386513.483660 -80.969210 51.523960 1.366838 -0.003837 -0.005719 -0.692480 0.721404
1317386513.587398 -80.917311 50.477794 1.390431 -0.004162 -0.006538 -0.692253 0.721614
1317386513.691279 -80.869198 49.417516 1.417478 -0.005423 -0.006274 -0.692118 0.721737
1317386513.795028 -80.818365 48.362627 1.444185 -0.005426 -0.007202 -0.691771 0.722061
1317386513.898901 -80.770821 47.306188 1.478506 -0.004614 -0.005930 -0.691633 0.722210
1317386514.002653 -80.724668 46.240861 1.514211 -0.002418 -0.003597 -0.691437 0.722424
1317386514.106534 -80.677679 45.170286 1.554361 -0.000237 -0.003475 -0.691134 0.722719
1317386514.210284 -80.625284 44.119631 1.567187 0.000744 -0.007795 -0.690505 0.723285
1317386514.314163 -80.571286 43.068676 1.571975 -0.000061 -0.010080 -0.690113 0.723631
1317386514.418027 -80.514327 42.019545 1.593000 -0.001326 -0.009962 -0.690168 0.723579
1317386514.521926 -80.457893 40.962378 1.633514 -0.002512 -0.008933 -0.689900 0.723845
1317386514.625787 -80.400464 39.911891 1.673806 -0.002275 -0.009220 -0.689794 0.723944
1317386514.729650 -80.350638 38.874317 1.709941 -0.001878 -0.010840 -0.689745 0.723969
1317386514.833525 -80.299749 37.842102 1.735469 -0.001560 -0.013183 -0.689916 0.723768
1317386514.937406 -80.247956 36.813911 1.758892 -0.001464 -0.014658 -0.689949 0.723708
1317386515.041404 -80.193684 35.779483 1.797369 -0.001030 -0.013442 -0.690202 0.723492
1317386515.145289 -80.141353 34.749526 1.844825 0.000626 -0.012180 -0.690582 0.723151
1317386515.249281 -80.094469 33.712310 1.886569 0.001981 -0.011362 -0.691029 0.722735
1317386515.353159 -80.039760 32.701332 1.913629 0.002040 -0.011744 -0.691376 0.722397
1317386515.457039 -79.985718 31.683157 1.932554 0.001134 -0.012344 -0.691734 0.722046
1317386515.561035 -79.940943 30.672698 1.953009 0.000568 -0.011781 -0.692151 0.721656
1317386515.664903 -79.891876 29.655786 1.986335 0.000948 -0.010466 -0.692636 0.721210
1317386515.768780 -79.840722 28.633217 2.022651 0.001570 -0.009753 -0.692976 0.720893
1317386515.872789 -79.794863 27.620530 2.053609 0.002156 -0.010508 -0.693257 0.720610
1317386515.976780 -79.755376 26.616448 2.076542 0.002295 -0.010599 -0.693430 0.720443
1317386516.080655 -79.712536 25.615940 2.099723 0.002306 -0.010564 -0.693718 0.720165
1317386516.184670 -79.666572 24.621811 2.124835 0.002058 -0.009340 -0.693925 0.719984
1317386516.288537 -79.625427 23.651606 2.154290 0.002058 -0.008242 -0.694309 0.719627
1317386516.392537 -79.587518 22.698841 2.182424 0.001846 -0.007867 -0.694623 0.719328
1317386516.496412 -79.552208 21.773156 2.204362 0.002044 -0.007354 -0.694823 0.719140
1317386516.600415 -79.512132 20.873252 2.223564 0.002073 -0.006049 -0.694940 0.719039
1317386516.704474 -79.475199 19.988917 2.248921 0.002595 -0.005956 -0.694627 0.719341
1317386516.808288 -79.439082 19.131347 2.271125 0.002596 -0.006366 -0.693804 0.720131
1317386516.912287 -79.396984 18.279509 2.287023 0.002400 -0.007279 -0.692462 0.721413
1317386517.016163 -79.353321 17.460158 2.303921 0.001697 -0.006411 -0.691238 0.722596
1317386517.120161 -79.310593 16.646323 2.325836 0.000662 -0.005553 -0.689554 0.724212
1317386517.224051 -79.268682 15.868613 2.350944 0.000186 -0.005821 -0.687717 0.725955
1317386517.328035 -79.225342 15.108549 2.370427 -0.000171 -0.006433 -0.685279 0.728252
1317386517.431907 -79.167495 14.367581 2.388153 0.000222 -0.008002 -0.681960 0.731346
1317386517.535782 -79.106185 13.640308 2.406423 0.000450 -0.009557 -0.677923 0.735071
1317386517.639537 -79.045172 12.955485 2.426897 0.000157 -0.009529 -0.673206 0.739394
1317386517.743427 -78.977958 12.284452 2.451095 -0.000089 -0.009287 -0.668568 0.743593
1317386517.847290 -78.905591 11.644120 2.473858 -0.000138 -0.008832 -0.663487 0.748136
1317386517.951157 -78.820354 11.026518 2.491894 0.001133 -0.008562 -0.657573 0.753341
1317386518.055043 -78.730539 10.439008 2.510504 0.001377 -0.007671 -0.651276 0.758801
1317386518.158811 -78.633916 9.866859 2.528399 0.000141 -0.006987 -0.644114 0.764898
1317386518.262664 -78.526442 9.304127 2.545879 -0.001386 -0.006117 -0.636282 0.771431
1317386518.366419 -78.413582 8.745914 2.561901 -0.002067 -0.005580 -0.627731 0.778407
1317386518.470160 -78.289245 8.187783 2.571498 -0.001413 -0.005396 -0.618898 0.785452
1317386518.573911 -78.148831 7.669100 2.587001 -0.001660 -0.004292 -0.609311 0.792918
1317386518.677653 -78.000508 7.167385 2.604649 -0.002485 -0.003639 -0.598897 0.800814
1317386518.781402 -77.840073 6.680371 2.617831 -0.003068 -0.003862 -0.586879 0.809659
1317386518.885041 -77.671513 6.215444 2.626174 -0.003800 -0.005217 -0.572556 0.819841
1317386518.988778 -77.501088 5.743105 2.633778 -0.004111 -0.006235 -0.557193 0.830349
1317386519.092413 -77.305092 5.288608 2.643807 -0.003027 -0.006697 -0.539534 0.841931
1317386519.195907 -77.096679 4.846388 2.654245 -0.000300 -0.006877 -0.518854 0.854835
1317386519.299529 -76.862878 4.422358 2.665654 0.000468 -0.004529 -0.496652 0.867938
1317386519.403292 -76.594120 4.023567 2.684304 -0.001819 -0.002157 -0.473876 0.880587
1317386519.506922 -76.314628 3.636618 2.701479 -0.003919 -0.001551 -0.451079 0.892474
1317386519.610669 -76.028661 3.269203 2.708070 -0.004049 -0.002854 -0.426707 0.904376
1317386519.714408 -75.740824 2.906254 2.704568 -0.001427 -0.005102 -0.402679 0.915326
1317386519.818158 -75.421024 2.566041 2.696058 -0.001986 -0.002877 -0.378146 0.925739
1317386519.921908 -75.095455 2.262847 2.710369 -0.005693 0.001746 -0.354180 0.935158
1317386520.025790 -74.750390 1.961361 2.735050 -0.009394 0.005030 -0.329951 0.943938
1317386520.129536 -74.386066 1.672152 2.748937 -0.009011 0.007964 -0.304622 0.952397
1317386520.233413 -74.001420 1.400408 2.744270 -0.006076 0.010980 -0.279664 0.960016
1317386520.337162 -73.598152 1.158798 2.728836 -0.004755 0.014961 -0.255124 0.966781
1317386520.441036 -73.181516 0.952584 2.720916 -0.008665 0.020664 -0.230325 0.972856
1317386520.544912 -72.754332 0.758492 2.744621 -0.012447 0.023724 -0.205935 0.978199
1317386520.648786 -72.320954 0.562581 2.743777 -0.012250 0.021986 -0.180918 0.983176
1317386520.752789 -71.880955 0.375459 2.716583 -0.010247 0.019970 -0.158106 0.987167
1317386520.856789 -71.423701 0.231639 2.687172 -0.009510 0.019878 -0.138145 0.990167
1317386520.960913 -70.956920 0.115507 2.663054 -0.011610 0.020858 -0.119798 0.992511
1317386521.064912 -70.487014 -0.000458 2.643989 -0.014886 0.021128 -0.102883 0.994358
1317386521.169163 -70.004550 -0.098192 2.633378 -0.016121 0.021171 -0.087824 0.995781
1317386521.273410 -69.523873 -0.185353 2.628169 -0.015544 0.021726 -0.077026 0.996671
1317386521.377535 -69.034987 -0.259047 2.614878 -0.016219 0.022859 -0.067004 0.997359
1317386521.481783 -68.525065 -0.318183 2.590357 -0.014549 0.022391 -0.057517 0.997987
1317386521.586039 -68.001443 -0.380017 2.567583 -0.013590 0.021411 -0.050286 0.998413
1317386521.690287 -67.454441 -0.430202 2.547576 -0.013805 0.020710 -0.043929 0.998725
1317386521.794541 -66.880559 -0.483071 2.524647 -0.014320 0.020814 -0.036707 0.999007
1317386521.898661 -66.294572 -0.523215 2.506996 -0.014307 0.020568 -0.029534 0.999250
1317386522.002909 -65.695479 -0.554914 2.482282 -0.013788 0.020379 -0.022552 0.999443
1317386522.106899 -65.090210 -0.576678 2.464231 -0.012678 0.020691 -0.015970 0.999578
1317386522.211051 -64.472060 -0.593941 2.443039 -0.011824 0.020549 -0.008867 0.999680
1317386522.315279 -63.844816 -0.610304 2.415744 -0.012570 0.020420 -0.003731 0.999705
1317386522.419398 -63.181212 -0.601000 2.386270 -0.012713 0.019752 0.000808 0.999724
1317386522.523529 -62.487599 -0.588175 2.358752 -0.012933 0.019224 0.004187 0.999723
1317386522.627779 -61.780100 -0.580325 2.336997 -0.012451 0.018797 0.005630 0.999730
1317386522.731910 -61.071051 -0.568556 2.313042 -0.013409 0.018778 0.007467 0.999706
1317386522.836035 -60.343526 -0.553750 2.289593 -0.011889 0.019261 0.009079 0.999703
1317386522.940288 -59.612283 -0.543460 2.271883 -0.013063 0.020112 0.009979 0.999663
1317386523.044416 -58.863379 -0.531520 2.248723 -0.013598 0.021479 0.011650 0.999609
1317386523.148419 -58.105171 -0.517622 2.223174 -0.012717 0.023025 0.012666 0.999574
1317386523.252539 -57.332499 -0.497458 2.204477 -0.012685 0.024016 0.014406 0.999527
1317386523.356660 -56.568509 -0.474054 2.181538 -0.011555 0.024987 0.015700 0.999498
1317386523.460661 -55.825488 -0.435983 2.153585 -0.009567 0.025613 0.017483 0.999473
1317386523.564662 -55.081525 -0.399122 2.120409 -0.008684 0.025855 0.019614 0.999436
1317386523.668784 -54.327170 -0.363221 2.083238 -0.008841 0.025800 0.021351 0.999400
1317386523.772790 -53.567372 -0.323784 2.052663 -0.008409 0.025456 0.023052 0.999375
1317386523.876663 -52.809375 -0.279845 2.024114 -0.008221 0.025788 0.024488 0.999334
1317386523.980660 -52.038431 -0.239605 1.993949 -0.008004 0.026106 0.025608 0.999299
1317386524.084662 -51.282371 -0.197680 1.962226 -0.008316 0.025999 0.025949 0.999291
1317386524.188662 -50.524357 -0.146844 1.930535 -0.008742 0.026018 0.026709 0.999266
1317386524.292662 -49.759963 -0.099575 1.894063 -0.008736 0.026221 0.026374 0.999270
1317386524.396662 -48.994112 -0.048593 1.862940 -0.009373 0.026285 0.026860 0.999250
1317386524.500659 -48.231374 -0.001521 1.833751 -0.008946 0.026912 0.026673 0.999242
1317386524.604539 -47.468484 0.043388 1.810939 -0.008980 0.027332 0.026552 0.999233
1317386524.708538 -46.717551 0.085270 1.782558 -0.009020 0.028136 0.026583 0.999210
1317386524.812413 -45.980445 0.128682 1.744280 -0.008924 0.028315 0.026604 0.999205
1317386524.916411 -45.229540 0.175653 1.706381 -0.009042 0.028360 0.026440 0.999207
1317386525.020412 -44.494358 0.215890 1.675720 -0.008863 0.028079 0.026168 0.999224
1317386525.124288 -43.755715 0.266942 1.644524 -0.009004 0.027749 0.025555 0.999248
1317386525.228287 -43.014086 0.309030 1.606824 -0.009104 0.028223 0.025008 0.999247
1317386525.332296 -42.291277 0.346238 1.579011 -0.009871 0.028039 0.024068 0.999268
1317386525.436285 -41.568047 0.382114 1.555471 -0.009288 0.028279 0.023405 0.999283
1317386525.540163 -40.862448 0.413664 1.524408 -0.008052 0.029328 0.022870 0.999276
1317386525.644163 -40.146658 0.451097 1.494698 -0.009276 0.030724 0.022219 0.999238
1317386525.748161 -39.451553 0.492960 1.464630 -0.010374 0.031617 0.021480 0.999215
1317386525.852038 -38.771679 0.528675 1.438218 -0.007352 0.030344 0.021762 0.999276
1317386525.956039 -38.119505 0.547655 1.406684 -0.006320 0.028572 0.021192 0.999347
1317386526.060038 -37.473971 0.576618 1.361230 -0.007199 0.027352 0.020817 0.999383
1317386526.164038 -36.827880 0.619729 1.329938 -0.008230 0.026016 0.020623 0.999415
1317386526.267914 -36.171159 0.652262 1.314122 -0.009559 0.025858 0.020666 0.999406
1317386526.371915 -35.515224 0.685868 1.295374 -0.010313 0.025978 0.020199 0.999405
1317386526.475913 -34.879800 0.718514 1.266898 -0.010198 0.025620 0.019765 0.999424
1317386526.579915 -34.252542 0.752457 1.241363 -0.010343 0.024979 0.019902 0.999436
1317386526.683788 -33.618547 0.785469 1.213801 -0.011359 0.024758 0.020123 0.999426
1317386526.787789 -32.989287 0.816168 1.189778 -0.011403 0.024774 0.020359 0.999421
1317386526.891798 -32.364269 0.843505 1.172699 -0.011895 0.024942 0.020431 0.999409
1317386526.995664 -31.733323 0.865111 1.156290 -0.013131 0.025512 0.020680 0.999374
1317386527.099664 -31.122090 0.894833 1.132105 -0.012685 0.025860 0.021057 0.999363
1317386527.203539 -30.516207 0.924704 1.107600 -0.011940 0.025633 0.021823 0.999362
1317386527.307538 -29.906532 0.948636 1.083183 -0.012287 0.024826 0.022496 0.999363
1317386527.411414 -29.295787 0.984670 1.056219 -0.010797 0.024743 0.023161 0.999367
1317386527.515413 -28.685204 1.019029 1.029406 -0.010563 0.024593 0.024146 0.999350
1317386527.619289 -28.072863 1.056184 1.012851 -0.009797 0.024568 0.025118 0.999335
1317386527.723288 -27.465097 1.094585 0.995971 -0.010628 0.024451 0.025961 0.999307
1317386527.827289 -26.875988 1.124665 0.967774 -0.009810 0.024905 0.026804 0.999282
1317386527.931170 -26.291761 1.151812 0.948976 -0.009399 0.025009 0.027872 0.999254
1317386528.035042 -25.715469 1.186409 0.927258 -0.009647 0.025691 0.028870 0.999206
1317386528.139038 -25.131493 1.222371 0.908653 -0.009685 0.026531 0.029243 0.999173
1317386528.242915 -24.540667 1.259981 0.887195 -0.010341 0.027319 0.030177 0.999118
1317386528.346913 -23.959845 1.302578 0.866765 -0.009493 0.027732 0.031069 0.999087
1317386528.450788 -23.384064 1.343070 0.842055 -0.009624 0.027635 0.031695 0.999069
1317386528.554791 -22.841519 1.381956 0.820914 -0.008411 0.027881 0.031609 0.999076
1317386528.658790 -22.308587 1.417209 0.809527 -0.009645 0.027585 0.031560 0.999075
1317386528.762789 -21.783989 1.451525 0.796669 -0.011113 0.027233 0.030792 0.999093
1317386528.866789 -21.262934 1.485297 0.776591 -0.010585 0.027247 0.029677 0.999132
1317386528.970665 -20.749734 1.514361 0.756570 -0.010185 0.027169 0.028834 0.999163
1317386529.074666 -20.242081 1.544157 0.733001 -0.010056 0.027326 0.028284 0.999176
1317386529.178664 -19.749433 1.580186 0.711799 -0.009980 0.026974 0.027673 0.999203
1317386529.282665 -19.268340 1.620402 0.690597 -0.008622 0.026571 0.027110 0.999242
1317386529.386664 -18.812015 1.647277 0.661032 -0.008530 0.027239 0.026503 0.999241
1317386529.490679 -18.356933 1.673928 0.640981 -0.008099 0.027119 0.025962 0.999262
1317386529.594669 -17.914805 1.695777 0.629460 -0.008703 0.027239 0.025291 0.999271
1317386529.698545 -17.494974 1.712398 0.621629 -0.008944 0.027191 0.024668 0.999286
1317386529.802555 -17.104275 1.733156 0.616164 -0.008531 0.027458 0.024275 0.999292
1317386529.906561 -16.713820 1.755120 0.598312 -0.009929 0.028249 0.023689 0.999271
1317386530.010540 -16.346108 1.771660 0.582599 -0.009559 0.028543 0.022722 0.999289
1317386530.114549 -15.986294 1.793920 0.566838 -0.011284 0.028913 0.022779 0.999259
1317386530.218534 -15.667022 1.816262 0.553201 -0.008937 0.028555 0.022299 0.999303
1317386530.322535 -15.358504 1.833284 0.544519 -0.008406 0.028041 0.022241 0.999324
1317386530.426547 -15.077139 1.846655 0.532892 -0.008735 0.027866 0.021632 0.999339
1317386530.530434 -14.804012 1.857322 0.524078 -0.008432 0.027894 0.021507 0.999344
1317386530.634427 -14.536721 1.870059 0.517518 -0.008333 0.027487 0.021357 0.999359
1317386530.738302 -14.269321 1.883365 0.507819 -0.008043 0.026365 0.021372 0.999392
1317386530.842296 -14.006256 1.898589 0.492459 -0.007415 0.025595 0.020894 0.999427
1317386530.946296 -13.746617 1.915518 0.478412 -0.007848 0.025359 0.020727 0.999433
1317386531.050286 -13.490084 1.931051 0.466739 -0.008046 0.025461 0.020682 0.999429
1317386531.154174 -13.231241 1.940927 0.462663 -0.007840 0.025828 0.020678 0.999422
1317386531.258168 -12.968732 1.949888 0.452638 -0.007696 0.026151 0.020393 0.999420
1317386531.362056 -12.722871 1.960888 0.443193 -0.007267 0.026335 0.020549 0.999416
1317386531.466072 -12.480477 1.967771 0.435461 -0.007821 0.026145 0.020485 0.999418
1317386531.570036 -12.242712 1.983999 0.422456 -0.007326 0.026446 0.020504 0.999413
1317386531.673922 -11.987127 1.996722 0.413785 -0.007084 0.026263 0.020793 0.999414
1317386531.777798 -11.739622 2.007955 0.405719 -0.006903 0.026254 0.022340 0.999382
1317386531.881792 -11.491890 2.010524 0.396061 -0.006020 0.026419 0.024369 0.999336
1317386531.985668 -11.251181 2.027046 0.388238 -0.005589 0.026203 0.027532 0.999262
1317386532.089548 -11.016363 2.048683 0.375201 -0.005727 0.026279 0.031324 0.999147
1317386532.193431 -10.795157 2.066557 0.364732 -0.005450 0.026473 0.035615 0.999000
1317386532.297293 -10.559205 2.080391 0.355933 -0.006887 0.026301 0.038533 0.998887
1317386532.401301 -10.326008 2.090213 0.346496 -0.007362 0.026347 0.040464 0.998806
1317386532.505173 -10.085554 2.113219 0.339491 -0.006845 0.026161 0.042785 0.998718
1317386532.609172 -9.844342 2.144134 0.330185 -0.005727 0.025997 0.045351 0.998616
1317386532.713211 -9.611440 2.167251 0.319742 -0.005508 0.025926 0.047351 0.998527
1317386532.817053 -9.386201 2.188011 0.306768 -0.007107 0.025939 0.048651 0.998454
1317386532.921046 -9.154781 2.209785 0.296833 -0.008333 0.025706 0.048907 0.998438
1317386533.025217 -8.923714 2.227791 0.291002 -0.007635 0.025592 0.048298 0.998476
1317386533.129169 -8.704634 2.249574 0.289257 -0.008093 0.025525 0.047501 0.998512
1317386533.233169 -8.477340 2.275410 0.279902 -0.007254 0.025649 0.046487 0.998563
1317386533.337294 -8.261199 2.300370 0.266578 -0.007735 0.025990 0.045429 0.998599
1317386533.441291 -8.023805 2.324595 0.256093 -0.007108 0.026029 0.044030 0.998666
1317386533.545294 -7.792460 2.343219 0.247320 -0.006669 0.025855 0.042893 0.998723
1317386533.649418 -7.564023 2.363513 0.242009 -0.006615 0.025552 0.041677 0.998782
1317386533.753417 -7.344196 2.381853 0.237003 -0.006744 0.025641 0.039973 0.998849
1317386533.857419 -7.126003 2.414126 0.231822 -0.006451 0.025610 0.038269 0.998918
1317386533.961416 -6.909842 2.439390 0.219309 -0.006794 0.025629 0.036094 0.998997
1317386534.065418 -6.685960 2.455162 0.206883 -0.006465 0.025251 0.034105 0.999078
1317386534.169293 -6.463188 2.468309 0.197632 -0.005658 0.024574 0.031959 0.999171
1317386534.273294 -6.217199 2.482768 0.187046 -0.005195 0.023462 0.029640 0.999272
1317386534.377295 -5.957073 2.495215 0.172561 -0.005844 0.023131 0.026813 0.999356
1317386534.481293 -5.680716 2.513018 0.159303 -0.004958 0.023422 0.024812 0.999405
1317386534.585294 -5.402699 2.532323 0.154373 -0.004320 0.023523 0.022541 0.999460
1317386534.689170 -5.106248 2.543449 0.146124 -0.004612 0.023919 0.019919 0.999505
1317386534.793169 -4.804115 2.552385 0.133294 -0.003889 0.024516 0.017260 0.999543
1317386534.897045 -4.498206 2.571320 0.119188 -0.003591 0.025386 0.014781 0.999562
1317386535.001043 -4.182833 2.589239 0.107572 -0.003350 0.025790 0.012537 0.999583
1317386535.105043 -3.861549 2.592970 0.094880 -0.003695 0.025971 0.010412 0.999602
1317386535.208932 -3.526653 2.598378 0.077363 -0.003812 0.026417 0.008217 0.999610
1317386535.312796 -3.192922 2.610174 0.059784 -0.002475 0.027140 0.006307 0.999609
1317386535.416793 -2.843976 2.619512 0.046533 -0.002438 0.027310 0.004369 0.999614
1317386535.520670 -2.488783 2.621060 0.037406 -0.000572 0.026905 0.002564 0.999635
1317386535.624543 -2.123261 2.617414 0.019647 -0.000755 0.025634 0.002198 0.999669
1317386535.728418 -1.746335 2.621071 -0.006324 -0.000522 0.024545 0.001633 0.999697
1317386535.832296 -1.348339 2.629928 -0.031476 -0.003526 0.024309 0.000451 0.999698
1317386535.936310 -0.920888 2.635161 -0.042933 -0.005119 0.024870 -0.001976 0.999676
1317386536.040295 -0.502028 2.631500 -0.044661 -0.006643 0.025654 -0.005792 0.999632
1317386536.144171 -0.107465 2.620339 -0.056098 -0.001403 0.025553 -0.010793 0.999614
1317386536.248168 0.317639 2.599089 -0.079548 0.003083 0.024361 -0.014161 0.999598
1317386536.351921 0.783865 2.581958 -0.105048 0.006544 0.022043 -0.013755 0.999641
1317386536.455545 1.223524 2.570376 -0.129447 0.004303 0.021114 -0.008289 0.999733
1317386536.559170 1.577314 2.581827 -0.145369 -0.001199 0.019858 0.001242 0.999801
1317386536.662921 1.864121 2.593478 -0.155882 -0.004752 0.018714 0.011355 0.999749
1317386536.766669 2.163481 2.610334 -0.156313 -0.006307 0.018013 0.020248 0.999613
1317386536.870303 2.491386 2.621919 -0.167042 -0.002876 0.017890 0.032586 0.999305
1317386536.974045 2.854140 2.632539 -0.184710 -0.001821 0.020391 0.044527 0.998798
1317386537.077671 3.229197 2.671849 -0.194837 -0.002872 0.024552 0.057303 0.998051
1317386537.181420 3.600834 2.739577 -0.206463 -0.006126 0.026813 0.070916 0.997103
1317386537.285047 3.944674 2.806193 -0.220114 -0.007667 0.027971 0.084261 0.996022
1317386537.388796 4.268150 2.853737 -0.236073 -0.009121 0.029101 0.095985 0.994915
1317386537.492669 4.615890 2.905821 -0.251426 -0.007363 0.030528 0.106365 0.993831
1317386537.596544 4.955179 2.981471 -0.263443 -0.007759 0.032043 0.113663 0.992972
1317386537.700545 5.295335 3.068285 -0.277049 -0.011550 0.033930 0.117699 0.992402
1317386537.804672 5.634155 3.157360 -0.282776 -0.013725 0.035351 0.119231 0.992142
1317386537.908795 5.950546 3.241185 -0.293131 -0.014319 0.035553 0.117525 0.992330
1317386538.013049 6.259540 3.323964 -0.306911 -0.012770 0.035017 0.113090 0.992885
1317386538.117296 6.561911 3.392831 -0.315293 -0.010439 0.035978 0.108596 0.993380
1317386538.221423 6.849551 3.440247 -0.332397 -0.007767 0.037600 0.103612 0.993877
1317386538.325672 7.093928 3.484921 -0.350382 -0.008398 0.038173 0.097949 0.994424
1317386538.429801 7.310665 3.520434 -0.356991 -0.010484 0.038860 0.092683 0.994882
1317386538.533798 7.471396 3.551105 -0.358565 -0.010053 0.038391 0.087669 0.995359
1317386538.637924 7.585355 3.570797 -0.365053 -0.008434 0.037681 0.083260 0.995779
1317386538.742045 7.679305 3.584151 -0.371232 -0.006959 0.037158 0.080400 0.996046
1317386538.846049 7.745836 3.603284 -0.380863 -0.007166 0.036698 0.078468 0.996215
1317386538.950046 7.776456 3.610186 -0.388499 -0.007698 0.036378 0.077933 0.996265
1317386539.054046 7.769925 3.599783 -0.392283 -0.007854 0.036251 0.077860 0.996274
1317386539.158046 7.750154 3.591241 -0.386678 -0.007833 0.035468 0.078290 0.996269
1317386539.262047 7.743670 3.594556 -0.377138 -0.007620 0.033511 0.078074 0.996355
1317386539.366046 7.753082 3.597944 -0.383259 -0.007768 0.031603 0.078025 0.996420
1317386539.469922 7.757502 3.605991 -0.397026 -0.006898 0.031337 0.078464 0.996400
1317386539.573924 7.743296 3.609800 -0.396923 -0.006958 0.031843 0.078554 0.996377
1317386539.677923 7.751982 3.602095 -0.391842 -0.006705 0.032557 0.078051 0.996395
1317386539.781922 7.759662 3.597222 -0.389717 -0.007488 0.032962 0.078101 0.996372
1317386539.885921 7.760082 3.601257 -0.391431 -0.007082 0.032529 0.077994 0.996398
